-6.666666666666666297e-01 4.774668394673177718e-01
-6.653333333333333321e-01 4.779449039771642149e-01
-6.639999999999999236e-01 4.784241671852229594e-01
-6.626666666666666261e-01 4.789046341505877602e-01
-6.613333333333333286e-01 4.793863099630988889e-01
-6.599999999999999201e-01 4.798691997435892698e-01
-6.586666666666666226e-01 4.803533086441356681e-01
-6.573333333333333250e-01 4.808386418483082680e-01
-6.559999999999999165e-01 4.813252045714265237e-01
-6.546666666666666190e-01 4.818130020608158426e-01
-6.533333333333333215e-01 4.823020395960668227e-01
-6.519999999999999130e-01 4.827923224892982645e-01
-6.506666666666666154e-01 4.832838560854217369e-01
-6.493333333333333179e-01 4.837766457624080862e-01
-6.479999999999999094e-01 4.842706969315597743e-01
-6.466666666666666119e-01 4.847660150377826604e-01
-6.453333333333333144e-01 4.852626055598616150e-01
-6.439999999999999059e-01 4.857604740107404062e-01
-6.426666666666666083e-01 4.862596259378023089e-01
-6.413333333333333108e-01 4.867600669231552102e-01
-6.399999999999999023e-01 4.872618025839183242e-01
-6.386666666666667158e-01 4.877648385725135705e-01
-6.373333333333333073e-01 4.882691805769583393e-01
-6.360000000000000098e-01 4.887748343211616997e-01
-6.346666666666667123e-01 4.892818055652251585e-01
-6.333333333333333037e-01 4.897901001057439196e-01
-6.320000000000000062e-01 4.902997237761135274e-01
-6.306666666666667087e-01 4.908106824468391194e-01
-6.293333333333333002e-01 4.913229820258470659e-01
-6.280000000000000027e-01 4.918366284588008841e-01
-6.266666666666667052e-01 4.923516277294207599e-01
-6.253333333333332966e-01 4.928679858598047914e-01
-6.239999999999999991e-01 4.933857089107555605e-01
-6.226666666666667016e-01 4.939048029821086483e-01
-6.213333333333332931e-01 4.944252742130658129e-01
-6.199999999999999956e-01 4.949471287825316090e-01
-6.186666666666666980e-01 4.954703729094520059e-01
-6.173333333333332895e-01 4.959950128531587787e-01
-6.159999999999999920e-01 4.965210549137163976e-01
-6.146666666666666945e-01 4.970485054322731355e-01
-6.133333333333332860e-01 4.975773707914152300e-01
-6.119999999999999885e-01 4.981076574155261505e-01
-6.106666666666666909e-01 4.986393717711485318e-01
-6.093333333333332824e-01 4.991725203673497147e-01
-6.079999999999999849e-01 4.997071097560940589e-01
-6.066666666666666874e-01 5.002431465326157012e-01
-6.053333333333332789e-01 5.007806373357966967e-01
-6.039999999999999813e-01 5.013195888485516560e-01
-6.026666666666666838e-01 5.018600077982114938e-01
-6.013333333333332753e-01 5.024019009569179461e-01
-5.999999999999999778e-01 5.029452751420155909e-01
-5.986666666666666803e-01 5.034901372164539701e-01
-5.973333333333332718e-01 5.040364940891901568e-01
-5.959999999999999742e-01 5.045843527155990937e-01
-5.946666666666666767e-01 5.051337200978842645e-01
-5.933333333333332682e-01 5.056846032854981354e-01
-5.919999999999999707e-01 5.062370093755628186e-01
-5.906666666666666732e-01 5.067909455132973973e-01
-5.893333333333332646e-01 5.073464188924514673e-01
-5.879999999999999671e-01 5.079034367557392349e-01
-5.866666666666666696e-01 5.084620063952838276e-01
-5.853333333333332611e-01 5.090221351530624938e-01
-5.839999999999999636e-01 5.095838304213592407e-01
-5.826666666666666661e-01 5.101470996432205807e-01
-5.813333333333332575e-01 5.107119503129196048e-01
-5.799999999999999600e-01 5.112783899764213880e-01
-5.786666666666666625e-01 5.118464262318566105e-01
-5.773333333333332540e-01 5.124160667299999528e-01
-5.759999999999999565e-01 5.129873191747530425e-01
-5.746666666666666590e-01 5.135601913236342853e-01
-5.733333333333332504e-01 5.141346909882731353e-01
-5.719999999999999529e-01 5.147108260349112507e-01
-5.706666666666666554e-01 5.152886043849085329e-01
-5.693333333333332469e-01 5.158680340152552724e-01
-5.679999999999999494e-01 5.164491229590901789e-01
-5.666666666666666519e-01 5.170318793062259610e-01
-5.653333333333332433e-01 5.176163112036773484e-01
-5.639999999999999458e-01 5.182024268562001046e-01
-5.626666666666666483e-01 5.187902345268324833e-01
-5.613333333333332398e-01 5.193797425374448995e-01
-5.599999999999999423e-01 5.199709592692960403e-01
-5.586666666666666448e-01 5.205638931635945266e-01
-5.573333333333332362e-01 5.211585527220690128e-01
-5.559999999999999387e-01 5.217549465075432824e-01
-5.546666666666666412e-01 5.223530831445187816e-01
-5.533333333333333437e-01 5.229529713197647034e-01
-5.520000000000000462e-01 5.235546197829148429e-01
-5.506666666666666377e-01 5.241580373470708931e-01
-5.493333333333333401e-01 5.247632328894141773e-01
-5.480000000000000426e-01 5.253702153518240436e-01
-5.466666666666666341e-01 5.259789937415035865e-01
-5.453333333333333366e-01 5.265895771316132512e-01
-5.440000000000000391e-01 5.272019746619128755e-01
-5.426666666666666305e-01 5.278161955394096161e-01
-5.413333333333333330e-01 5.284322490390165328e-01
-5.400000000000000355e-01 5.290501445042161688e-01
-5.386666666666666270e-01 5.296698913477350112e-01
-5.373333333333333295e-01 5.302914990522243910e-01
-5.360000000000000320e-01 5.309149771709499310e-01
-5.346666666666666234e-01 5.315403353284917642e-01
-5.333333333333333259e-01 5.321675832214504132e-01
-5.320000000000000284e-01 5.327967306191629948e-01
-5.306666666666666199e-01 5.334277873644275303e-01
-5.293333333333333224e-01 5.340607633742390226e-01
-5.280000000000000249e-01 5.346956686405290871e-01
-5.266666666666666163e-01 5.353325132309221246e-01
-5.253333333333333188e-01 5.359713072894948249e-01
-5.240000000000000213e-01 5.366120610375486599e-01
-5.226666666666666128e-01 5.372547847743905924e-01
-5.213333333333333153e-01 5.378994888781254424e-01
-5.200000000000000178e-01 5.385461838064561357e-01
-5.186666666666666092e-01 5.391948800974960543e-01
-5.173333333333333117e-01 5.398455883705893799e-01
-5.160000000000000142e-01 5.404983193271459818e-01
-5.146666666666666057e-01 5.411530837514826331e-01
-5.133333333333333082e-01 5.418098925116778819e-01
-5.120000000000000107e-01 5.424687565604365824e-01
-5.106666666666666021e-01 5.431296869359661939e-01
-5.093333333333333046e-01 5.437926947628650698e-01
-5.080000000000000071e-01 5.444577912530211838e-01
-5.066666666666665986e-01 5.451249877065232896e-01
-5.053333333333333011e-01 5.457942955125822948e-01
-5.040000000000000036e-01 5.464657261504688446e-01
-5.026666666666665950e-01 5.471392911904590095e-01
-5.013333333333332975e-01 5.478150022947937403e-01
-5.000000000000000000e-01 5.484928712186518673e-01
-4.986666666666666470e-01 5.491729098111359786e-01
-4.973333333333332940e-01 5.498551300162700661e-01
-4.959999999999999964e-01 5.505395438740117164e-01
-4.946666666666666434e-01 5.512261635212772903e-01
-4.933333333333332904e-01 5.519150011929809807e-01
-4.919999999999999929e-01 5.526060692230883031e-01
-4.906666666666666399e-01 5.532993800456825761e-01
-4.893333333333332869e-01 5.539949461960472776e-01
-4.879999999999999893e-01 5.546927803117617239e-01
-4.866666666666666363e-01 5.553928951338131803e-01
-4.853333333333332833e-01 5.560953035077226270e-01
-4.839999999999999858e-01 5.568000183846861795e-01
-4.826666666666666328e-01 5.575070528227340505e-01
-4.813333333333332797e-01 5.582164199879018351e-01
-4.799999999999999822e-01 5.589281331554221133e-01
-4.786666666666666292e-01 5.596422057109285975e-01
-4.773333333333332762e-01 5.603586511516801538e-01
-4.759999999999999787e-01 5.610774830877994779e-01
-4.746666666666666257e-01 5.617987152435309772e-01
-4.733333333333332726e-01 5.625223614585147525e-01
-4.719999999999999751e-01 5.632484356890786747e-01
-4.706666666666666221e-01 5.639769520095503363e-01
-4.693333333333332691e-01 5.647079246135841002e-01
-4.680000000000000271e-01 5.654413678155105760e-01
-4.666666666666666741e-01 5.661772960517028608e-01
-4.653333333333333766e-01 5.669157238819632072e-01
-4.640000000000000235e-01 5.676566659909285661e-01
-4.626666666666666705e-01 5.684001371894978893e-01
-4.613333333333333730e-01 5.691461524162778618e-01
-4.600000000000000200e-01 5.698947267390507276e-01
-4.586666666666666670e-01 5.706458753562635433e-01
-4.573333333333333695e-01 5.713996135985380809e-01
-4.560000000000000164e-01 5.721559569302024917e-01
-4.546666666666666634e-01 5.729149209508463958e-01
-4.533333333333333659e-01 5.736765213968979538e-01
-4.520000000000000129e-01 5.744407741432243641e-01
-4.506666666666666599e-01 5.752076952047543434e-01
-4.493333333333333623e-01 5.759773007381282506e-01
-4.480000000000000093e-01 5.767496070433670852e-01
-4.466666666666666563e-01 5.775246305655719059e-01
-4.453333333333333588e-01 5.783023878966443432e-01
-4.440000000000000058e-01 5.790828957770344232e-01
-4.426666666666666528e-01 5.798661710975145933e-01
-4.413333333333333552e-01 5.806522309009808369e-01
-4.400000000000000022e-01 5.814410923842786572e-01
-4.386666666666666492e-01 5.822327729000598140e-01
-4.373333333333333517e-01 5.830272899586638191e-01
-4.359999999999999987e-01 5.838246612300301841e-01
-4.346666666666666456e-01 5.846249045456406446e-01
-4.333333333333333481e-01 5.854280379004873636e-01
-4.319999999999999951e-01 5.862340794550752188e-01
-4.306666666666666421e-01 5.870430475374529555e-01
-4.293333333333333446e-01 5.878549606452749821e-01
-4.279999999999999916e-01 5.886698374478973594e-01
-4.266666666666666385e-01 5.894876967885038788e-01
-4.253333333333333410e-01 5.903085576862672212e-01
-4.239999999999999880e-01 5.911324393385420928e-01
-4.226666666666666350e-01 5.919593611230935526e-01
-4.213333333333333375e-01 5.927893426003614241e-01
-4.199999999999999845e-01 5.936224035157581236e-01
-4.186666666666666314e-01 5.944585638020039031e-01
-4.173333333333333339e-01 5.952978435815015068e-01
-4.159999999999999809e-01 5.961402631687430231e-01
-4.146666666666666279e-01 5.969858430727607024e-01
-4.133333333333333304e-01 5.978346039996141892e-01
-4.119999999999999774e-01 5.986865668549187225e-01
-4.106666666666666243e-01 5.995417527464137475e-01
-4.093333333333333268e-01 6.004001829865717177e-01
-4.079999999999999738e-01 6.012618790952523051e-01
-4.066666666666666208e-01 6.021268628023973557e-01
-4.053333333333333233e-01 6.029951560507709196e-01
-4.039999999999999702e-01 6.038667809987428026e-01
-4.026666666666666172e-01 6.047417600231205226e-01
-4.013333333333333197e-01 6.056201157220252318e-01
-3.999999999999999667e-01 6.065018709178163769e-01
-3.986666666666666137e-01 6.073870486600667640e-01
-3.973333333333333162e-01 6.082756722285823647e-01
-3.959999999999999631e-01 6.091677651364786339e-01
-3.946666666666666101e-01 6.100633511333036774e-01
-3.933333333333333126e-01 6.109624542082170429e-01
-3.919999999999999596e-01 6.118650985932188036e-01
-3.906666666666666066e-01 6.127713087664387048e-01
-3.893333333333333091e-01 6.136811094554751600e-01
-3.879999999999999560e-01 6.145945256407958635e-01
-3.866666666666666030e-01 6.155115825591944700e-01
-3.853333333333333055e-01 6.164323057073072265e-01
-3.840000000000000080e-01 6.173567208451896660e-01
-3.826666666666667105e-01 6.182848539999568072e-01
-3.813333333333333575e-01 6.192167314694839719e-01
-3.800000000000000044e-01 6.201523798261753262e-01
-3.786666666666667069e-01 6.210918259207952596e-01
-3.773333333333333539e-01 6.220350968863684882e-01
-3.760000000000000009e-01 6.229822201421498784e-01
-3.746666666666667034e-01 6.239332233976615516e-01
-3.733333333333333504e-01 6.248881346568051498e-01
-3.719999999999999973e-01 6.258469822220442680e-01
-3.706666666666666998e-01 6.268097946986630475e-01
-3.693333333333333468e-01 6.277766009991019303e-01
-3.679999999999999938e-01 6.287474303473687964e-01
-3.666666666666666963e-01 6.297223122835331477e-01
-3.653333333333333433e-01 6.307012766682992266e-01
-3.639999999999999902e-01 6.316843536876634024e-01
-3.626666666666666927e-01 6.326715738576567105e-01
-3.613333333333333397e-01 6.336629680291734346e-01
-3.599999999999999867e-01 6.346585673928897275e-01
-3.586666666666666892e-01 6.356584034842727160e-01
-3.573333333333333361e-01 6.366625081886816417e-01
-3.559999999999999831e-01 6.376709137465651489e-01
-3.546666666666666856e-01 6.386836527587544943e-01
-3.533333333333333326e-01 6.397007581918575658e-01
-3.519999999999999796e-01 6.407222633837517112e-01
-3.506666666666666821e-01 6.417482020491840355e-01
-3.493333333333333290e-01 6.427786082854746175e-01
-3.479999999999999760e-01 6.438135165783299696e-01
-3.466666666666666785e-01 6.448529618077672998e-01
-3.453333333333333255e-01 6.458969792541526811e-01
-3.439999999999999725e-01 6.469456046043535746e-01
-3.426666666666666750e-01 6.479988739580149204e-01
-3.413333333333333219e-01 6.490568238339510243e-01
-3.399999999999999689e-01 6.501194911766676743e-01
-3.386666666666666714e-01 6.511869133630062700e-01
-3.373333333333333184e-01 6.522591282089245102e-01
-3.359999999999999654e-01 6.533361739764060871e-01
-3.346666666666666679e-01 6.544180893805087162e-01
-3.333333333333333148e-01 6.555049135965528295e-01
-3.319999999999999618e-01 6.565966862674527116e-01
-3.306666666666666643e-01 6.576934475111970713e-01
-3.293333333333333113e-01 6.587952379284747195e-01
-3.279999999999999583e-01 6.599020986104615627e-01
-3.266666666666666607e-01 6.610140711467583641e-01
-3.253333333333333077e-01 6.621311976334964822e-01
-3.239999999999999547e-01 6.632535206816040363e-01
-3.226666666666666572e-01 6.643810834252468212e-01
-3.213333333333333042e-01 6.655139295304380864e-01
-3.199999999999999512e-01 6.666521032038325023e-01
-3.186666666666666536e-01 6.677956492016960954e-01
-3.173333333333333561e-01 6.689446128390712509e-01
-3.160000000000000031e-01 6.700990399991262336e-01
-3.146666666666666501e-01 6.712589771427088792e-01
-3.133333333333333526e-01 6.724244713180957955e-01
-3.119999999999999996e-01 6.735955701709536170e-01
-3.106666666666666465e-01 6.747723219545108675e-01
-3.093333333333333490e-01 6.759547755399458735e-01
-3.079999999999999960e-01 6.771429804270029384e-01
-3.066666666666666430e-01 6.783369867548333376e-01
-3.053333333333333455e-01 6.795368453130730124e-01
-3.039999999999999925e-01 6.807426075531644027e-01
-3.026666666666666394e-01 6.819543255999227505e-01
-3.013333333333333419e-01 6.831720522633573101e-01
-2.999999999999999889e-01 6.843958410507566814e-01
-2.986666666666666359e-01 6.856257461790391528e-01
-2.973333333333333384e-01 6.868618225873794891e-01
-2.959999999999999853e-01 6.881041259501183838e-01
-2.946666666666666323e-01 6.893527126899640090e-01
-2.933333333333333348e-01 6.906076399914883313e-01
-2.919999999999999818e-01 6.918689658149331789e-01
-2.906666666666666288e-01 6.931367489103301693e-01
-2.893333333333333313e-01 6.944110488319430452e-01
-2.879999999999999782e-01 6.956919259530437438e-01
-2.866666666666666252e-01 6.969794414810298600e-01
-2.853333333333333277e-01 6.982736574728929391e-01
-2.839999999999999747e-01 6.995746368510491475e-01
-2.826666666666666217e-01 7.008824434195389808e-01
-2.813333333333333242e-01 7.021971418806107756e-01
-2.799999999999999711e-01 7.035187978516967977e-01
-2.786666666666666181e-01 7.048474778827910070e-01
-2.773333333333333206e-01 7.061832494742458222e-01
-2.760000000000000231e-01 7.075261810949932118e-01
-2.746666666666666701e-01 7.088763422012067661e-01
-2.733333333333333171e-01 7.102338032554172953e-01
-2.720000000000000195e-01 7.115986357460936107e-01
-2.706666666666666665e-01 7.129709122077028116e-01
-2.693333333333333135e-01 7.143507062412651765e-01
-2.680000000000000160e-01 7.157380925354164258e-01
-2.666666666666666630e-01 7.171331468879950100e-01
-2.653333333333333099e-01 7.185359462281682985e-01
-2.640000000000000124e-01 7.199465686391141039e-01
-2.626666666666666594e-01 7.213650933812761901e-01
-2.613333333333333064e-01 7.227916009162078659e-01
-2.600000000000000089e-01 7.242261729310247587e-01
-2.586666666666666559e-01 7.256688923634859734e-01
-2.573333333333333028e-01 7.271198434277181821e-01
-2.560000000000000053e-01 7.285791116406092893e-01
-2.546666666666666523e-01 7.300467838488875483e-01
-2.533333333333332993e-01 7.315229482569098884e-01
-2.520000000000000018e-01 7.330076944551822127e-01
-2.506666666666666488e-01 7.345011134496338689e-01
-2.493333333333333235e-01 7.360032976916693892e-01
-2.479999999999999982e-01 7.375143411090266943e-01
-2.466666666666666452e-01 7.390343391374616377e-01
-2.453333333333333199e-01 7.405633887532927506e-01
-2.439999999999999947e-01 7.421015885068273921e-01
-2.426666666666666416e-01 7.436490385567021688e-01
-2.413333333333333164e-01 7.452058407051684874e-01
-2.399999999999999911e-01 7.467720984343515500e-01
-2.386666666666666381e-01 7.483479169435190981e-01
-2.373333333333333128e-01 7.499334031873881035e-01
-2.359999999999999876e-01 7.515286659155110405e-01
-2.346666666666666345e-01 7.531338157127743793e-01
-2.333333333333333370e-01 7.547489650410492690e-01
-2.320000000000000118e-01 7.563742282820290486e-01
-2.306666666666666865e-01 7.580097217813047683e-01
-2.293333333333333335e-01 7.596555638937093624e-01
-2.280000000000000082e-01 7.613118750299850968e-01
-2.266666666666666829e-01 7.629787777048143704e-01
-2.253333333333333299e-01 7.646563965862651635e-01
-2.240000000000000047e-01 7.663448585467006469e-01
-2.226666666666666794e-01 7.680442927152043575e-01
-2.213333333333333264e-01 7.697548305315783379e-01
-2.200000000000000011e-01 7.714766058019667527e-01
-2.186666666666666758e-01 7.732097547561685991e-01
-2.173333333333333228e-01 7.749544161067002390e-01
-2.159999999999999976e-01 7.767107311096674849e-01
-2.146666666666666723e-01 7.784788436275250634e-01
-2.133333333333333193e-01 7.802589001937805246e-01
-2.119999999999999940e-01 7.820510500797291931e-01
-2.106666666666666687e-01 7.838554453632845531e-01
-2.093333333333333157e-01 7.856722409999925549e-01
-2.079999999999999905e-01 7.875015948963114409e-01
-2.066666666666666652e-01 7.893436679852403604e-01
-2.053333333333333122e-01 7.911986243043942491e-01
-2.039999999999999869e-01 7.930666310766159022e-01
-2.026666666666666616e-01 7.949478587932251594e-01
-2.013333333333333086e-01 7.968424813000145601e-01
-1.999999999999999833e-01 7.987506758860917211e-01
-1.986666666666666581e-01 8.006726233756934485e-01
-1.973333333333333051e-01 8.026085082230812739e-01
-1.959999999999999798e-01 8.045585186106534170e-01
-1.946666666666666545e-01 8.065228465503937461e-01
-1.933333333333333015e-01 8.085016879888075048e-01
-1.920000000000000040e-01 8.104952429154779203e-01
-1.906666666666666787e-01 8.125037154754016777e-01
-1.893333333333333535e-01 8.145273140852578031e-01
-1.880000000000000004e-01 8.165662515537815969e-01
-1.866666666666666752e-01 8.186207452064119261e-01
-1.853333333333333499e-01 8.206910170144045003e-01
-1.839999999999999969e-01 8.227772937285954269e-01
-1.826666666666666716e-01 8.248798070180221043e-01
-1.813333333333333464e-01 8.269987936136181661e-01
-1.799999999999999933e-01 8.291344954571985282e-01
-1.786666666666666681e-01 8.312871598559793407e-01
-1.773333333333333428e-01 8.334570396428738759e-01
-1.759999999999999898e-01 8.356443933428334692e-01
-1.746666666666666645e-01 8.378494853454990787e-01
-1.733333333333333393e-01 8.400725860844656667e-01
-1.719999999999999862e-01 8.423139722234536109e-01
-1.706666666666666610e-01 8.445739268497172159e-01
-1.693333333333333357e-01 8.468527396750314962e-01
-1.679999999999999827e-01 8.491507072446059512e-01
-1.666666666666666574e-01 8.514681331543206833e-01
-1.653333333333333321e-01 8.538053282766674412e-01
-1.639999999999999791e-01 8.561626109958352382e-01
-1.626666666666666539e-01 8.585403074523767497e-01
-1.613333333333333286e-01 8.609387517979285587e-01
-1.599999999999999756e-01 8.633582864604977258e-01
-1.586666666666666781e-01 8.657992624208277199e-01
-1.573333333333333250e-01 8.682620395004169156e-01
-1.559999999999999998e-01 8.707469866617805199e-01
-1.546666666666666745e-01 8.732544823215834251e-01
-1.533333333333333215e-01 8.757849146773180049e-01
-1.519999999999999962e-01 8.783386820482309565e-01
-1.506666666666666710e-01 8.809161932312553622e-01
-1.493333333333333179e-01 8.835178678727459989e-01
-1.479999999999999927e-01 8.861441368568689914e-01
-1.466666666666666674e-01 8.887954427115496436e-01
-1.453333333333333144e-01 8.914722400329402330e-01
-1.439999999999999891e-01 8.941749959294312822e-01
-1.426666666666666639e-01 8.969041904862939951e-01
-1.413333333333333108e-01 8.996603172521229208e-01
-1.399999999999999856e-01 9.024438837483087505e-01
-1.386666666666666603e-01 9.052554120028712958e-01
-1.373333333333333350e-01 9.080954391100599654e-01
-1.360000000000000098e-01 9.109645178172289803e-01
-1.346666666666666567e-01 9.138632171406024796e-01
-1.333333333333333315e-01 9.167921230116509168e-01
-1.320000000000000062e-01 9.197518389559243834e-01
-1.306666666666666532e-01 9.227429868063203866e-01
-1.293333333333333279e-01 9.257662074529033891e-01
-1.280000000000000027e-01 9.288221616315499585e-01
-1.266666666666666496e-01 9.319115307538539117e-01
-1.253333333333333244e-01 9.350350177809162444e-01
-1.239999999999999991e-01 9.381933481438291533e-01
-1.226666666666666600e-01 9.413872707138873919e-01
-1.213333333333333208e-01 9.446175588257827993e-01
-1.199999999999999956e-01 9.478850113572977465e-01
-1.186666666666666564e-01 9.511904538692792510e-01
-1.173333333333333173e-01 9.545347398099850444e-01
-1.160000000000000059e-01 9.579187517882102876e-01
-1.146666666666666667e-01 9.613434029199674491e-01
-1.133333333333333415e-01 9.648096382538779991e-01
-1.120000000000000023e-01 9.683184362808680001e-01
-1.106666666666666632e-01 9.718708105342146464e-01
-1.093333333333333379e-01 9.754678112865263762e-01
-1.079999999999999988e-01 9.791105273507832996e-01
-1.066666666666666596e-01 9.828000879931885203e-01
-1.053333333333333344e-01 9.865376649662846997e-01
-1.039999999999999952e-01 9.903244746715036406e-01
-1.026666666666666561e-01 9.941617804611880826e-01
-1.013333333333333308e-01 9.980508950910110810e-01
-9.999999999999999167e-02 1.001993183334749071e+00
-9.866666666666665253e-02 1.005990064774478832e+00
-9.733333333333332726e-02 1.010043016780524328e+00
-9.600000000000000200e-02 1.014153577696842223e+00
-9.466666666666667673e-02 1.018323350249101145e+00
-9.333333333333333759e-02 1.022554005194388438e+00
-9.199999999999999845e-02 1.026847285233416951e+00
-9.066666666666667318e-02 1.031205009208213452e+00
-8.933333333333333404e-02 1.035629076610669941e+00
-8.799999999999999489e-02 1.040121472429998972e+00
-8.666666666666666963e-02 1.044684272370139499e+00
-8.533333333333333048e-02 1.049319648471525257e+00
-8.399999999999999134e-02 1.054029875175424014e+00
-8.266666666666666607e-02 1.058817335873329268e+00
-8.133333333333332693e-02 1.063684529988734084e+00
-7.999999999999998779e-02 1.068634080644074835e+00
-7.866666666666666252e-02 1.073668742971867873e+00
-7.733333333333333726e-02 1.078791413136099164e+00
-7.599999999999999811e-02 1.084005138137992930e+00
-7.466666666666665897e-02 1.089313126489449335e+00
-7.333333333333333370e-02 1.094718759847973510e+00
-7.199999999999999456e-02 1.100225605718937461e+00
-7.066666666666665542e-02 1.105837431344902200e+00
-6.933333333333333015e-02 1.111558218917659380e+00
-6.800000000000000488e-02 1.117392182267131995e+00
-6.666666666666666574e-02 1.123343785202592926e+00
-6.533333333333332660e-02 1.129417761706545953e+00
-6.400000000000000133e-02 1.135619138210456347e+00
-6.266666666666666219e-02 1.141953258215370193e+00
-6.133333333333332998e-02 1.148425809560025712e+00
-5.999999999999999778e-02 1.155042854685641496e+00
-5.866666666666665864e-02 1.161810864301507706e+00
-5.733333333333333337e-02 1.168736754920554510e+00
-5.600000000000000117e-02 1.175827930811373712e+00
-5.466666666666666896e-02 1.183092331005367148e+00
-5.333333333333332982e-02 1.190538482108134177e+00
-5.199999999999999761e-02 1.198175557797000801e+00
-5.066666666666666541e-02 1.206013446047000004e+00
-4.933333333333332626e-02 1.214062825322264283e+00
-4.800000000000000100e-02 1.222335251207103290e+00
-4.666666666666666879e-02 1.230843255241886203e+00
-4.533333333333333659e-02 1.239600458087153578e+00
-4.399999999999999745e-02 1.248621699583307487e+00
-4.266666666666666524e-02 1.257923188826507443e+00
-4.133333333333333304e-02 1.267522678075270415e+00
-3.999999999999999389e-02 1.277439665178264905e+00
-3.866666666666666863e-02 1.287695630327558627e+00
-3.733333333333332948e-02 1.298314314368155031e+00
-3.599999999999999728e-02 1.309322047736694028e+00
-3.466666666666666508e-02 1.320748141500728279e+00
-3.333333333333333287e-02 1.332625355121838551e+00
-3.200000000000000067e-02 1.344990459747915201e+00
-3.066666666666666499e-02 1.357884921447382043e+00
-2.933333333333332932e-02 1.371355736401828729e+00
-2.800000000000000058e-02 1.385456460510367860e+00
-2.666666666666666491e-02 1.400248490374966570e+00
-2.533333333333333270e-02 1.415802673116923982e+00
-2.400000000000000050e-02 1.432201351828398694e+00
-2.266666666666666829e-02 1.449540996262463688e+00
-2.133333333333333262e-02 1.467935631962701715e+00
-1.999999999999999695e-02 1.487521377538145062e+00
-1.866666666666666474e-02 1.508462549689780996e+00
-1.733333333333333254e-02 1.530960034613045639e+00
-1.600000000000000033e-02 1.555263016960463762e+00
-1.466666666666666466e-02 1.581685824374905236e+00
-1.333333333333333245e-02 1.610632823073896214e+00
-1.200000000000000025e-02 1.642636475013424358e+00
-1.066666666666666631e-02 1.678417904432767394e+00
-9.333333333333332371e-03 1.718988120125796826e+00
-8.000000000000000167e-03 1.765827794587409905e+00
-6.666666666666666227e-03 1.821232439240028533e+00
-5.333333333333333155e-03 1.889047660025886088e+00
-4.000000000000000083e-03 1.976482583477656263e+00
-2.666666666666666578e-03 2.099721846642432777e+00
-1.333333333333333289e-03 2.310409035384597853e+00
-0.000000000000000000e+00 3.075012946166687744e+00
1.333333333333333289e-03 2.310409035384597853e+00
2.666666666666666578e-03 2.099721846642432777e+00
4.000000000000000083e-03 1.976482583477656263e+00
5.333333333333333155e-03 1.889047660025886088e+00
6.666666666666666227e-03 1.821232439240028533e+00
8.000000000000000167e-03 1.765827794587409905e+00
9.333333333333332371e-03 1.718988120125796826e+00
1.066666666666666631e-02 1.678417904432767394e+00
1.200000000000000025e-02 1.642636475013424358e+00
1.333333333333333245e-02 1.610632823073896214e+00
1.466666666666666466e-02 1.581685824374905236e+00
1.600000000000000033e-02 1.555263016960463762e+00
1.733333333333333254e-02 1.530960034613045639e+00
1.866666666666666474e-02 1.508462549689780996e+00
1.999999999999999695e-02 1.487521377538145062e+00
2.133333333333333262e-02 1.467935631962701715e+00
2.266666666666666829e-02 1.449540996262463688e+00
2.400000000000000050e-02 1.432201351828398694e+00
2.533333333333333270e-02 1.415802673116923982e+00
2.666666666666666491e-02 1.400248490374966570e+00
2.800000000000000058e-02 1.385456460510367860e+00
2.933333333333332932e-02 1.371355736401828729e+00
3.066666666666666499e-02 1.357884921447382043e+00
3.200000000000000067e-02 1.344990459747915201e+00
3.333333333333333287e-02 1.332625355121838551e+00
3.466666666666666508e-02 1.320748141500728279e+00
3.599999999999999728e-02 1.309322047736694028e+00
3.733333333333332948e-02 1.298314314368155031e+00
3.866666666666666863e-02 1.287695630327558627e+00
3.999999999999999389e-02 1.277439665178264905e+00
4.133333333333333304e-02 1.267522678075270415e+00
4.266666666666666524e-02 1.257923188826507443e+00
4.399999999999999745e-02 1.248621699583307487e+00
4.533333333333333659e-02 1.239600458087153578e+00
4.666666666666666879e-02 1.230843255241886203e+00
4.800000000000000100e-02 1.222335251207103290e+00
4.933333333333332626e-02 1.214062825322264283e+00
5.066666666666666541e-02 1.206013446047000004e+00
5.199999999999999761e-02 1.198175557797000801e+00
5.333333333333332982e-02 1.190538482108134177e+00
5.466666666666666896e-02 1.183092331005367148e+00
5.600000000000000117e-02 1.175827930811373712e+00
5.733333333333333337e-02 1.168736754920554510e+00
5.866666666666665864e-02 1.161810864301507706e+00
5.999999999999999778e-02 1.155042854685641496e+00
6.133333333333332998e-02 1.148425809560025712e+00
6.266666666666666219e-02 1.141953258215370193e+00
6.400000000000000133e-02 1.135619138210456347e+00
6.533333333333332660e-02 1.129417761706545953e+00
6.666666666666666574e-02 1.123343785202592926e+00
6.800000000000000488e-02 1.117392182267131995e+00
6.933333333333333015e-02 1.111558218917659380e+00
7.066666666666665542e-02 1.105837431344902200e+00
7.199999999999999456e-02 1.100225605718937461e+00
7.333333333333333370e-02 1.094718759847973510e+00
7.466666666666665897e-02 1.089313126489449335e+00
7.599999999999999811e-02 1.084005138137992930e+00
7.733333333333333726e-02 1.078791413136099164e+00
7.866666666666666252e-02 1.073668742971867873e+00
7.999999999999998779e-02 1.068634080644074835e+00
8.133333333333332693e-02 1.063684529988734084e+00
8.266666666666666607e-02 1.058817335873329268e+00
8.399999999999999134e-02 1.054029875175424014e+00
8.533333333333333048e-02 1.049319648471525257e+00
8.666666666666666963e-02 1.044684272370139499e+00
8.799999999999999489e-02 1.040121472429998972e+00
8.933333333333333404e-02 1.035629076610669941e+00
9.066666666666667318e-02 1.031205009208213452e+00
9.199999999999999845e-02 1.026847285233416951e+00
9.333333333333333759e-02 1.022554005194388438e+00
9.466666666666667673e-02 1.018323350249101145e+00
9.600000000000000200e-02 1.014153577696842223e+00
9.733333333333332726e-02 1.010043016780524328e+00
9.866666666666665253e-02 1.005990064774478832e+00
9.999999999999999167e-02 1.001993183334749071e+00
1.013333333333333308e-01 9.980508950910110810e-01
1.026666666666666561e-01 9.941617804611880826e-01
1.039999999999999952e-01 9.903244746715036406e-01
1.053333333333333344e-01 9.865376649662846997e-01
1.066666666666666596e-01 9.828000879931885203e-01
1.079999999999999988e-01 9.791105273507832996e-01
1.093333333333333379e-01 9.754678112865263762e-01
1.106666666666666632e-01 9.718708105342146464e-01
1.120000000000000023e-01 9.683184362808680001e-01
1.133333333333333415e-01 9.648096382538779991e-01
1.146666666666666667e-01 9.613434029199674491e-01
1.160000000000000059e-01 9.579187517882102876e-01
1.173333333333333173e-01 9.545347398099850444e-01
1.186666666666666564e-01 9.511904538692792510e-01
1.199999999999999956e-01 9.478850113572977465e-01
1.213333333333333208e-01 9.446175588257827993e-01
1.226666666666666600e-01 9.413872707138873919e-01
1.239999999999999991e-01 9.381933481438291533e-01
1.253333333333333244e-01 9.350350177809162444e-01
1.266666666666666496e-01 9.319115307538539117e-01
1.280000000000000027e-01 9.288221616315499585e-01
1.293333333333333279e-01 9.257662074529033891e-01
1.306666666666666532e-01 9.227429868063203866e-01
1.320000000000000062e-01 9.197518389559243834e-01
1.333333333333333315e-01 9.167921230116509168e-01
1.346666666666666567e-01 9.138632171406024796e-01
1.360000000000000098e-01 9.109645178172289803e-01
1.373333333333333350e-01 9.080954391100599654e-01
1.386666666666666603e-01 9.052554120028712958e-01
1.399999999999999856e-01 9.024438837483087505e-01
1.413333333333333108e-01 8.996603172521229208e-01
1.426666666666666639e-01 8.969041904862939951e-01
1.439999999999999891e-01 8.941749959294312822e-01
1.453333333333333144e-01 8.914722400329402330e-01
1.466666666666666674e-01 8.887954427115496436e-01
1.479999999999999927e-01 8.861441368568689914e-01
1.493333333333333179e-01 8.835178678727459989e-01
1.506666666666666710e-01 8.809161932312553622e-01
1.519999999999999962e-01 8.783386820482309565e-01
1.533333333333333215e-01 8.757849146773180049e-01
1.546666666666666745e-01 8.732544823215834251e-01
1.559999999999999998e-01 8.707469866617805199e-01
1.573333333333333250e-01 8.682620395004169156e-01
1.586666666666666781e-01 8.657992624208277199e-01
1.599999999999999756e-01 8.633582864604977258e-01
1.613333333333333286e-01 8.609387517979285587e-01
1.626666666666666539e-01 8.585403074523767497e-01
1.639999999999999791e-01 8.561626109958352382e-01
1.653333333333333321e-01 8.538053282766674412e-01
1.666666666666666574e-01 8.514681331543206833e-01
1.679999999999999827e-01 8.491507072446059512e-01
1.693333333333333357e-01 8.468527396750314962e-01
1.706666666666666610e-01 8.445739268497172159e-01
1.719999999999999862e-01 8.423139722234536109e-01
1.733333333333333393e-01 8.400725860844656667e-01
1.746666666666666645e-01 8.378494853454990787e-01
1.759999999999999898e-01 8.356443933428334692e-01
1.773333333333333428e-01 8.334570396428738759e-01
1.786666666666666681e-01 8.312871598559793407e-01
1.799999999999999933e-01 8.291344954571985282e-01
1.813333333333333464e-01 8.269987936136181661e-01
1.826666666666666716e-01 8.248798070180221043e-01
1.839999999999999969e-01 8.227772937285954269e-01
1.853333333333333499e-01 8.206910170144045003e-01
1.866666666666666752e-01 8.186207452064119261e-01
1.880000000000000004e-01 8.165662515537815969e-01
1.893333333333333535e-01 8.145273140852578031e-01
1.906666666666666787e-01 8.125037154754016777e-01
1.920000000000000040e-01 8.104952429154779203e-01
1.933333333333333015e-01 8.085016879888075048e-01
1.946666666666666545e-01 8.065228465503937461e-01
1.959999999999999798e-01 8.045585186106534170e-01
1.973333333333333051e-01 8.026085082230812739e-01
1.986666666666666581e-01 8.006726233756934485e-01
1.999999999999999833e-01 7.987506758860917211e-01
2.013333333333333086e-01 7.968424813000145601e-01
2.026666666666666616e-01 7.949478587932251594e-01
2.039999999999999869e-01 7.930666310766159022e-01
2.053333333333333122e-01 7.911986243043942491e-01
2.066666666666666652e-01 7.893436679852403604e-01
2.079999999999999905e-01 7.875015948963114409e-01
2.093333333333333157e-01 7.856722409999925549e-01
2.106666666666666687e-01 7.838554453632845531e-01
2.119999999999999940e-01 7.820510500797291931e-01
2.133333333333333193e-01 7.802589001937805246e-01
2.146666666666666723e-01 7.784788436275250634e-01
2.159999999999999976e-01 7.767107311096674849e-01
2.173333333333333228e-01 7.749544161067002390e-01
2.186666666666666758e-01 7.732097547561685991e-01
2.200000000000000011e-01 7.714766058019667527e-01
2.213333333333333264e-01 7.697548305315783379e-01
2.226666666666666794e-01 7.680442927152043575e-01
2.240000000000000047e-01 7.663448585467006469e-01
2.253333333333333299e-01 7.646563965862651635e-01
2.266666666666666829e-01 7.629787777048143704e-01
2.280000000000000082e-01 7.613118750299850968e-01
2.293333333333333335e-01 7.596555638937093624e-01
2.306666666666666865e-01 7.580097217813047683e-01
2.320000000000000118e-01 7.563742282820290486e-01
2.333333333333333370e-01 7.547489650410492690e-01
2.346666666666666345e-01 7.531338157127743793e-01
2.359999999999999876e-01 7.515286659155110405e-01
2.373333333333333128e-01 7.499334031873881035e-01
2.386666666666666381e-01 7.483479169435190981e-01
2.399999999999999911e-01 7.467720984343515500e-01
2.413333333333333164e-01 7.452058407051684874e-01
2.426666666666666416e-01 7.436490385567021688e-01
2.439999999999999947e-01 7.421015885068273921e-01
2.453333333333333199e-01 7.405633887532927506e-01
2.466666666666666452e-01 7.390343391374616377e-01
2.479999999999999982e-01 7.375143411090266943e-01
2.493333333333333235e-01 7.360032976916693892e-01
2.506666666666666488e-01 7.345011134496338689e-01
2.520000000000000018e-01 7.330076944551822127e-01
2.533333333333332993e-01 7.315229482569098884e-01
2.546666666666666523e-01 7.300467838488875483e-01
2.560000000000000053e-01 7.285791116406092893e-01
2.573333333333333028e-01 7.271198434277181821e-01
2.586666666666666559e-01 7.256688923634859734e-01
2.600000000000000089e-01 7.242261729310247587e-01
2.613333333333333064e-01 7.227916009162078659e-01
2.626666666666666594e-01 7.213650933812761901e-01
2.640000000000000124e-01 7.199465686391141039e-01
2.653333333333333099e-01 7.185359462281682985e-01
2.666666666666666630e-01 7.171331468879950100e-01
2.680000000000000160e-01 7.157380925354164258e-01
2.693333333333333135e-01 7.143507062412651765e-01
2.706666666666666665e-01 7.129709122077028116e-01
2.720000000000000195e-01 7.115986357460936107e-01
2.733333333333333171e-01 7.102338032554172953e-01
2.746666666666666701e-01 7.088763422012067661e-01
2.760000000000000231e-01 7.075261810949932118e-01
2.773333333333333206e-01 7.061832494742458222e-01
2.786666666666666181e-01 7.048474778827910070e-01
2.799999999999999711e-01 7.035187978516967977e-01
2.813333333333333242e-01 7.021971418806107756e-01
2.826666666666666217e-01 7.008824434195389808e-01
2.839999999999999747e-01 6.995746368510491475e-01
2.853333333333333277e-01 6.982736574728929391e-01
2.866666666666666252e-01 6.969794414810298600e-01
2.879999999999999782e-01 6.956919259530437438e-01
2.893333333333333313e-01 6.944110488319430452e-01
2.906666666666666288e-01 6.931367489103301693e-01
2.919999999999999818e-01 6.918689658149331789e-01
2.933333333333333348e-01 6.906076399914883313e-01
2.946666666666666323e-01 6.893527126899640090e-01
2.959999999999999853e-01 6.881041259501183838e-01
2.973333333333333384e-01 6.868618225873794891e-01
2.986666666666666359e-01 6.856257461790391528e-01
2.999999999999999889e-01 6.843958410507566814e-01
3.013333333333333419e-01 6.831720522633573101e-01
3.026666666666666394e-01 6.819543255999227505e-01
3.039999999999999925e-01 6.807426075531644027e-01
3.053333333333333455e-01 6.795368453130730124e-01
3.066666666666666430e-01 6.783369867548333376e-01
3.079999999999999960e-01 6.771429804270029384e-01
3.093333333333333490e-01 6.759547755399458735e-01
3.106666666666666465e-01 6.747723219545108675e-01
3.119999999999999996e-01 6.735955701709536170e-01
3.133333333333333526e-01 6.724244713180957955e-01
3.146666666666666501e-01 6.712589771427088792e-01
3.160000000000000031e-01 6.700990399991262336e-01
3.173333333333333561e-01 6.689446128390712509e-01
3.186666666666666536e-01 6.677956492016960954e-01
3.199999999999999512e-01 6.666521032038325023e-01
3.213333333333333042e-01 6.655139295304380864e-01
3.226666666666666572e-01 6.643810834252468212e-01
3.239999999999999547e-01 6.632535206816040363e-01
3.253333333333333077e-01 6.621311976334964822e-01
3.266666666666666607e-01 6.610140711467583641e-01
3.279999999999999583e-01 6.599020986104615627e-01
3.293333333333333113e-01 6.587952379284747195e-01
3.306666666666666643e-01 6.576934475111970713e-01
3.319999999999999618e-01 6.565966862674527116e-01
3.333333333333333148e-01 6.555049135965528295e-01
3.346666666666666679e-01 6.544180893805087162e-01
3.359999999999999654e-01 6.533361739764060871e-01
3.373333333333333184e-01 6.522591282089245102e-01
3.386666666666666714e-01 6.511869133630062700e-01
3.399999999999999689e-01 6.501194911766676743e-01
3.413333333333333219e-01 6.490568238339510243e-01
3.426666666666666750e-01 6.479988739580149204e-01
3.439999999999999725e-01 6.469456046043535746e-01
3.453333333333333255e-01 6.458969792541526811e-01
3.466666666666666785e-01 6.448529618077672998e-01
3.479999999999999760e-01 6.438135165783299696e-01
3.493333333333333290e-01 6.427786082854746175e-01
3.506666666666666821e-01 6.417482020491840355e-01
3.519999999999999796e-01 6.407222633837517112e-01
3.533333333333333326e-01 6.397007581918575658e-01
3.546666666666666856e-01 6.386836527587544943e-01
3.559999999999999831e-01 6.376709137465651489e-01
3.573333333333333361e-01 6.366625081886816417e-01
3.586666666666666892e-01 6.356584034842727160e-01
3.599999999999999867e-01 6.346585673928897275e-01
3.613333333333333397e-01 6.336629680291734346e-01
3.626666666666666927e-01 6.326715738576567105e-01
3.639999999999999902e-01 6.316843536876634024e-01
3.653333333333333433e-01 6.307012766682992266e-01
3.666666666666666963e-01 6.297223122835331477e-01
3.679999999999999938e-01 6.287474303473687964e-01
3.693333333333333468e-01 6.277766009991019303e-01
3.706666666666666998e-01 6.268097946986630475e-01
3.719999999999999973e-01 6.258469822220442680e-01
3.733333333333333504e-01 6.248881346568051498e-01
3.746666666666667034e-01 6.239332233976615516e-01
3.760000000000000009e-01 6.229822201421498784e-01
3.773333333333333539e-01 6.220350968863684882e-01
3.786666666666667069e-01 6.210918259207952596e-01
3.800000000000000044e-01 6.201523798261753262e-01
3.813333333333333575e-01 6.192167314694839719e-01
3.826666666666667105e-01 6.182848539999568072e-01
3.840000000000000080e-01 6.173567208451896660e-01
3.853333333333333055e-01 6.164323057073072265e-01
3.866666666666666030e-01 6.155115825591944700e-01
3.879999999999999560e-01 6.145945256407958635e-01
3.893333333333333091e-01 6.136811094554751600e-01
3.906666666666666066e-01 6.127713087664387048e-01
3.919999999999999596e-01 6.118650985932188036e-01
3.933333333333333126e-01 6.109624542082170429e-01
3.946666666666666101e-01 6.100633511333036774e-01
3.959999999999999631e-01 6.091677651364786339e-01
3.973333333333333162e-01 6.082756722285823647e-01
3.986666666666666137e-01 6.073870486600667640e-01
3.999999999999999667e-01 6.065018709178163769e-01
4.013333333333333197e-01 6.056201157220252318e-01
4.026666666666666172e-01 6.047417600231205226e-01
4.039999999999999702e-01 6.038667809987428026e-01
4.053333333333333233e-01 6.029951560507709196e-01
4.066666666666666208e-01 6.021268628023973557e-01
4.079999999999999738e-01 6.012618790952523051e-01
4.093333333333333268e-01 6.004001829865717177e-01
4.106666666666666243e-01 5.995417527464137475e-01
4.119999999999999774e-01 5.986865668549187225e-01
4.133333333333333304e-01 5.978346039996141892e-01
4.146666666666666279e-01 5.969858430727607024e-01
4.159999999999999809e-01 5.961402631687430231e-01
4.173333333333333339e-01 5.952978435815015068e-01
4.186666666666666314e-01 5.944585638020039031e-01
4.199999999999999845e-01 5.936224035157581236e-01
4.213333333333333375e-01 5.927893426003614241e-01
4.226666666666666350e-01 5.919593611230935526e-01
4.239999999999999880e-01 5.911324393385420928e-01
4.253333333333333410e-01 5.903085576862672212e-01
4.266666666666666385e-01 5.894876967885038788e-01
4.279999999999999916e-01 5.886698374478973594e-01
4.293333333333333446e-01 5.878549606452749821e-01
4.306666666666666421e-01 5.870430475374529555e-01
4.319999999999999951e-01 5.862340794550752188e-01
4.333333333333333481e-01 5.854280379004873636e-01
4.346666666666666456e-01 5.846249045456406446e-01
4.359999999999999987e-01 5.838246612300301841e-01
4.373333333333333517e-01 5.830272899586638191e-01
4.386666666666666492e-01 5.822327729000598140e-01
4.400000000000000022e-01 5.814410923842786572e-01
4.413333333333333552e-01 5.806522309009808369e-01
4.426666666666666528e-01 5.798661710975145933e-01
4.440000000000000058e-01 5.790828957770344232e-01
4.453333333333333588e-01 5.783023878966443432e-01
4.466666666666666563e-01 5.775246305655719059e-01
4.480000000000000093e-01 5.767496070433670852e-01
4.493333333333333623e-01 5.759773007381282506e-01
4.506666666666666599e-01 5.752076952047543434e-01
4.520000000000000129e-01 5.744407741432243641e-01
4.533333333333333659e-01 5.736765213968979538e-01
4.546666666666666634e-01 5.729149209508463958e-01
4.560000000000000164e-01 5.721559569302024917e-01
4.573333333333333695e-01 5.713996135985380809e-01
4.586666666666666670e-01 5.706458753562635433e-01
4.600000000000000200e-01 5.698947267390507276e-01
4.613333333333333730e-01 5.691461524162778618e-01
4.626666666666666705e-01 5.684001371894978893e-01
4.640000000000000235e-01 5.676566659909285661e-01
4.653333333333333766e-01 5.669157238819632072e-01
4.666666666666666741e-01 5.661772960517028608e-01
4.680000000000000271e-01 5.654413678155105760e-01
4.693333333333332691e-01 5.647079246135841002e-01
4.706666666666666221e-01 5.639769520095503363e-01
4.719999999999999751e-01 5.632484356890786747e-01
4.733333333333332726e-01 5.625223614585147525e-01
4.746666666666666257e-01 5.617987152435309772e-01
4.759999999999999787e-01 5.610774830877994779e-01
4.773333333333332762e-01 5.603586511516801538e-01
4.786666666666666292e-01 5.596422057109285975e-01
4.799999999999999822e-01 5.589281331554221133e-01
4.813333333333332797e-01 5.582164199879018351e-01
4.826666666666666328e-01 5.575070528227340505e-01
4.839999999999999858e-01 5.568000183846861795e-01
4.853333333333332833e-01 5.560953035077226270e-01
4.866666666666666363e-01 5.553928951338131803e-01
4.879999999999999893e-01 5.546927803117617239e-01
4.893333333333332869e-01 5.539949461960472776e-01
4.906666666666666399e-01 5.532993800456825761e-01
4.919999999999999929e-01 5.526060692230883031e-01
4.933333333333332904e-01 5.519150011929809807e-01
4.946666666666666434e-01 5.512261635212772903e-01
4.959999999999999964e-01 5.505395438740117164e-01
4.973333333333332940e-01 5.498551300162700661e-01
4.986666666666666470e-01 5.491729098111359786e-01
5.000000000000000000e-01 5.484928712186518673e-01
5.013333333333332975e-01 5.478150022947937403e-01
5.026666666666665950e-01 5.471392911904590095e-01
5.040000000000000036e-01 5.464657261504688446e-01
5.053333333333333011e-01 5.457942955125822948e-01
5.066666666666665986e-01 5.451249877065232896e-01
5.080000000000000071e-01 5.444577912530211838e-01
5.093333333333333046e-01 5.437926947628650698e-01
5.106666666666666021e-01 5.431296869359661939e-01
5.120000000000000107e-01 5.424687565604365824e-01
5.133333333333333082e-01 5.418098925116778819e-01
5.146666666666666057e-01 5.411530837514826331e-01
5.160000000000000142e-01 5.404983193271459818e-01
5.173333333333333117e-01 5.398455883705893799e-01
5.186666666666666092e-01 5.391948800974960543e-01
5.200000000000000178e-01 5.385461838064561357e-01
5.213333333333333153e-01 5.378994888781254424e-01
5.226666666666666128e-01 5.372547847743905924e-01
5.240000000000000213e-01 5.366120610375486599e-01
5.253333333333333188e-01 5.359713072894948249e-01
5.266666666666666163e-01 5.353325132309221246e-01
5.280000000000000249e-01 5.346956686405290871e-01
5.293333333333333224e-01 5.340607633742390226e-01
5.306666666666666199e-01 5.334277873644275303e-01
5.320000000000000284e-01 5.327967306191629948e-01
5.333333333333333259e-01 5.321675832214504132e-01
5.346666666666666234e-01 5.315403353284917642e-01
5.360000000000000320e-01 5.309149771709499310e-01
5.373333333333333295e-01 5.302914990522243910e-01
5.386666666666666270e-01 5.296698913477350112e-01
5.400000000000000355e-01 5.290501445042161688e-01
5.413333333333333330e-01 5.284322490390165328e-01
5.426666666666666305e-01 5.278161955394096161e-01
5.440000000000000391e-01 5.272019746619128755e-01
5.453333333333333366e-01 5.265895771316132512e-01
5.466666666666666341e-01 5.259789937415035865e-01
5.480000000000000426e-01 5.253702153518240436e-01
5.493333333333333401e-01 5.247632328894141773e-01
5.506666666666666377e-01 5.241580373470708931e-01
5.520000000000000462e-01 5.235546197829148429e-01
5.533333333333333437e-01 5.229529713197647034e-01
5.546666666666666412e-01 5.223530831445187816e-01
5.559999999999999387e-01 5.217549465075432824e-01
5.573333333333332362e-01 5.211585527220690128e-01
5.586666666666666448e-01 5.205638931635945266e-01
5.599999999999999423e-01 5.199709592692960403e-01
5.613333333333332398e-01 5.193797425374448995e-01
5.626666666666666483e-01 5.187902345268324833e-01
5.639999999999999458e-01 5.182024268562001046e-01
5.653333333333332433e-01 5.176163112036773484e-01
5.666666666666666519e-01 5.170318793062259610e-01
5.679999999999999494e-01 5.164491229590901789e-01
5.693333333333332469e-01 5.158680340152552724e-01
5.706666666666666554e-01 5.152886043849085329e-01
5.719999999999999529e-01 5.147108260349112507e-01
5.733333333333332504e-01 5.141346909882731353e-01
5.746666666666666590e-01 5.135601913236342853e-01
5.759999999999999565e-01 5.129873191747530425e-01
5.773333333333332540e-01 5.124160667299999528e-01
5.786666666666666625e-01 5.118464262318566105e-01
5.799999999999999600e-01 5.112783899764213880e-01
5.813333333333332575e-01 5.107119503129196048e-01
5.826666666666666661e-01 5.101470996432205807e-01
5.839999999999999636e-01 5.095838304213592407e-01
5.853333333333332611e-01 5.090221351530624938e-01
5.866666666666666696e-01 5.084620063952838276e-01
5.879999999999999671e-01 5.079034367557392349e-01
5.893333333333332646e-01 5.073464188924514673e-01
5.906666666666666732e-01 5.067909455132973973e-01
5.919999999999999707e-01 5.062370093755628186e-01
5.933333333333332682e-01 5.056846032854981354e-01
5.946666666666666767e-01 5.051337200978842645e-01
5.959999999999999742e-01 5.045843527155990937e-01
5.973333333333332718e-01 5.040364940891901568e-01
5.986666666666666803e-01 5.034901372164539701e-01
5.999999999999999778e-01 5.029452751420155909e-01
6.013333333333332753e-01 5.024019009569179461e-01
6.026666666666666838e-01 5.018600077982114938e-01
6.039999999999999813e-01 5.013195888485516560e-01
6.053333333333332789e-01 5.007806373357966967e-01
6.066666666666666874e-01 5.002431465326157012e-01
6.079999999999999849e-01 4.997071097560940589e-01
6.093333333333332824e-01 4.991725203673497147e-01
6.106666666666666909e-01 4.986393717711485318e-01
6.119999999999999885e-01 4.981076574155261505e-01
6.133333333333332860e-01 4.975773707914152300e-01
6.146666666666666945e-01 4.970485054322731355e-01
6.159999999999999920e-01 4.965210549137163976e-01
6.173333333333332895e-01 4.959950128531587787e-01
6.186666666666666980e-01 4.954703729094520059e-01
6.199999999999999956e-01 4.949471287825316090e-01
6.213333333333332931e-01 4.944252742130658129e-01
6.226666666666667016e-01 4.939048029821086483e-01
6.239999999999999991e-01 4.933857089107555605e-01
6.253333333333332966e-01 4.928679858598047914e-01
6.266666666666667052e-01 4.923516277294207599e-01
6.280000000000000027e-01 4.918366284588008841e-01
6.293333333333333002e-01 4.913229820258470659e-01
6.306666666666667087e-01 4.908106824468391194e-01
6.320000000000000062e-01 4.902997237761135274e-01
6.333333333333333037e-01 4.897901001057439196e-01
6.346666666666667123e-01 4.892818055652251585e-01
6.360000000000000098e-01 4.887748343211616997e-01
6.373333333333333073e-01 4.882691805769583393e-01
6.386666666666667158e-01 4.877648385725135705e-01
6.399999999999999023e-01 4.872618025839183242e-01
6.413333333333333108e-01 4.867600669231552102e-01
6.426666666666666083e-01 4.862596259378023089e-01
6.439999999999999059e-01 4.857604740107404062e-01
6.453333333333333144e-01 4.852626055598616150e-01
6.466666666666666119e-01 4.847660150377826604e-01
6.479999999999999094e-01 4.842706969315597743e-01
6.493333333333333179e-01 4.837766457624080862e-01
6.506666666666666154e-01 4.832838560854217369e-01
6.519999999999999130e-01 4.827923224892982645e-01
6.533333333333333215e-01 4.823020395960668227e-01
6.546666666666666190e-01 4.818130020608158426e-01
6.559999999999999165e-01 4.813252045714265237e-01
6.573333333333333250e-01 4.808386418483082680e-01
6.586666666666666226e-01 4.803533086441356681e-01
6.599999999999999201e-01 4.798691997435892698e-01
6.613333333333333286e-01 4.793863099630988889e-01
6.626666666666666261e-01 4.789046341505877602e-01
6.639999999999999236e-01 4.784241671852229594e-01
6.653333333333333321e-01 4.779449039771642149e-01
6.666666666666666297e-01 4.774668394673177718e-01
