-1.000000000000000000e+00 5.298981512716730588e-05
-9.979999999999999982e-01 1.667429783057578288e-02
-9.959999999999999964e-01 2.361651217081566986e-02
-9.939999999999999947e-01 2.896781762086928988e-02
-9.919999999999999929e-01 3.349968496480743713e-02
-9.899999999999999911e-01 3.751046945010878125e-02
-9.879999999999999893e-01 4.115296119742120617e-02
-9.859999999999999876e-01 4.451779622120789065e-02
-9.839999999999999858e-01 4.766394788151386702e-02
-9.819999999999999840e-01 5.063232455578772773e-02
-9.799999999999999822e-01 5.345267271183895552e-02
-9.779999999999999805e-01 5.614742017582950717e-02
-9.759999999999999787e-01 5.873396976477793935e-02
-9.739999999999999769e-01 6.122614455877999073e-02
-9.719999999999999751e-01 6.363513934587870791e-02
-9.699999999999999734e-01 6.597016996814832057e-02
-9.679999999999999716e-01 6.823893008419004702e-02
-9.659999999999999698e-01 7.044792086476724113e-02
-9.639999999999999680e-01 7.260269428574286921e-02
-9.619999999999999662e-01 7.470803617256588369e-02
-9.599999999999999645e-01 7.676810628649477497e-02
-9.580000000000000737e-01 7.878654714710194018e-02
-9.560000000000000719e-01 8.076656972276921587e-02
-9.540000000000000702e-01 8.271102171655719815e-02
-9.520000000000000684e-01 8.462244258732862234e-02
-9.500000000000000666e-01 8.650310831850972770e-02
-9.480000000000000648e-01 8.835506817844052119e-02
-9.460000000000000631e-01 9.018017514463053108e-02
-9.440000000000000613e-01 9.198011130379611655e-02
-9.420000000000000595e-01 9.375640916700662963e-02
-9.400000000000000577e-01 9.551046970319550244e-02
-9.380000000000000560e-01 9.724357768053977502e-02
-9.360000000000000542e-01 9.895691478012894060e-02
-9.340000000000000524e-01 1.006515708829368444e-01
-9.320000000000000506e-01 1.023285538147673535e-01
-9.300000000000000488e-01 1.039887978083150338e-01
-9.280000000000000471e-01 1.056331708793458862e-01
-9.260000000000000453e-01 1.072624812829141988e-01
-9.240000000000000435e-01 1.088774831869730730e-01
-9.220000000000000417e-01 1.104788816737907048e-01
-9.200000000000000400e-01 1.120673371668866186e-01
-9.180000000000000382e-01 1.136434693597258849e-01
-9.160000000000000364e-01 1.152078607139948724e-01
-9.140000000000000346e-01 1.167610595824199460e-01
-9.120000000000000329e-01 1.183035830073653621e-01
-9.100000000000000311e-01 1.198359192354335190e-01
-9.080000000000000293e-01 1.213585299691524733e-01
-9.060000000000000275e-01 1.228718524102496434e-01
-9.040000000000000258e-01 1.243763011089956821e-01
-9.020000000000000240e-01 1.258722696299802990e-01
-9.000000000000000222e-01 1.273601320712900997e-01
-8.980000000000000204e-01 1.288402444473890074e-01
-8.960000000000000187e-01 1.303129459451912442e-01
-8.940000000000000169e-01 1.317785600772518328e-01
-8.920000000000000151e-01 1.332373957336680792e-01
-8.900000000000000133e-01 1.346897481461199475e-01
-8.880000000000000115e-01 1.361358997756114686e-01
-8.860000000000000098e-01 1.375761211260392025e-01
-8.840000000000000080e-01 1.390106714953421863e-01
-8.820000000000000062e-01 1.404397996674917881e-01
-8.800000000000000044e-01 1.418637445523002472e-01
-8.780000000000000027e-01 1.432827357772763210e-01
-8.760000000000000009e-01 1.446969942336031878e-01
-8.739999999999999991e-01 1.461067325880391898e-01
-8.719999999999999973e-01 1.475121557522887095e-01
-8.699999999999999956e-01 1.489134613224769310e-01
-8.679999999999999938e-01 1.503108399873648859e-01
-8.659999999999999920e-01 1.517044759092676942e-01
-8.639999999999999902e-01 1.530945470806518993e-01
-8.619999999999999885e-01 1.544812256530900818e-01
-8.599999999999999867e-01 1.558646782512008166e-01
-8.579999999999999849e-01 1.572450662583825820e-01
-8.559999999999999831e-01 1.586225460941890764e-01
-8.539999999999999813e-01 1.599972694666519368e-01
-8.519999999999999796e-01 1.613693836065746290e-01
-8.499999999999999778e-01 1.627390315052798242e-01
-8.479999999999999760e-01 1.641063521167201167e-01
-8.459999999999999742e-01 1.654714805584770465e-01
-8.439999999999999725e-01 1.668345483011018648e-01
-8.419999999999999707e-01 1.681956833422474373e-01
-8.399999999999999689e-01 1.695550103772194284e-01
-8.379999999999999671e-01 1.709126509555760898e-01
-8.359999999999999654e-01 1.722687236295618873e-01
-8.339999999999999636e-01 1.736233440959844276e-01
-8.320000000000000728e-01 1.749766253299560592e-01
-8.300000000000000711e-01 1.763286777110858738e-01
-8.280000000000000693e-01 1.776796091430158098e-01
-8.260000000000000675e-01 1.790295251715543212e-01
-8.240000000000000657e-01 1.803785290848942680e-01
-8.220000000000000639e-01 1.817267220240439130e-01
-8.200000000000000622e-01 1.830742030773077067e-01
-8.180000000000000604e-01 1.844210693743124352e-01
-8.160000000000000586e-01 1.857674161737002116e-01
-8.140000000000000568e-01 1.871133369495215915e-01
-8.120000000000000551e-01 1.884589234689155735e-01
-8.100000000000000533e-01 1.898042658733763988e-01
-8.080000000000000515e-01 1.911494527480281647e-01
-8.060000000000000497e-01 1.924945711944898441e-01
-8.040000000000000480e-01 1.938397068976179805e-01
-8.020000000000000462e-01 1.951849441894696335e-01
-8.000000000000000444e-01 1.965303661119691403e-01
-7.980000000000000426e-01 1.978760544775528263e-01
-7.960000000000000409e-01 1.992220899128686329e-01
-7.940000000000000391e-01 2.005685519364545089e-01
-7.920000000000000373e-01 2.019155189925659344e-01
-7.900000000000000355e-01 2.032630685094085343e-01
-7.880000000000000338e-01 2.046112769435973755e-01
-7.860000000000000320e-01 2.059602198287300845e-01
-7.840000000000000302e-01 2.073099718222877197e-01
-7.820000000000000284e-01 2.086606067426468314e-01
-7.800000000000000266e-01 2.100121976167305948e-01
-7.780000000000000249e-01 2.113648166942344031e-01
-7.760000000000000231e-01 2.127185355988917559e-01
-7.740000000000000213e-01 2.140734251559994750e-01
-7.720000000000000195e-01 2.154295556192145911e-01
-7.700000000000000178e-01 2.167869966263045733e-01
-7.680000000000000160e-01 2.181458172415756402e-01
-7.660000000000000142e-01 2.195060859893826488e-01
-7.640000000000000124e-01 2.208678708936402113e-01
-7.620000000000000107e-01 2.222312394966259597e-01
-7.600000000000000089e-01 2.235962588957430552e-01
-7.580000000000000071e-01 2.249629957859085039e-01
-7.560000000000000053e-01 2.263315164557082593e-01
-7.540000000000000036e-01 2.277018868499940119e-01
-7.520000000000000018e-01 2.290741725772587889e-01
-7.500000000000000000e-01 2.304484389419982071e-01
-7.479999999999999982e-01 2.318247509697284603e-01
-7.459999999999999964e-01 2.332031734335184570e-01
-7.439999999999999947e-01 2.345837708787829601e-01
-7.419999999999999929e-01 2.359666076453559858e-01
-7.399999999999999911e-01 2.373517478953146576e-01
-7.379999999999999893e-01 2.387392556337494254e-01
-7.359999999999999876e-01 2.401291947281181671e-01
-7.339999999999999858e-01 2.415216289419590823e-01
-7.319999999999999840e-01 2.429166219483495093e-01
-7.299999999999999822e-01 2.443142373510407972e-01
-7.279999999999999805e-01 2.457145387086201449e-01
-7.259999999999999787e-01 2.471175895610354389e-01
-7.239999999999999769e-01 2.485234534431947917e-01
-7.219999999999999751e-01 2.499321939063513798e-01
-7.199999999999999734e-01 2.513438745423526854e-01
-7.179999999999999716e-01 2.527585590038536889e-01
-7.159999999999999698e-01 2.541763110236762713e-01
-7.139999999999999680e-01 2.555971944307495747e-01
-7.119999999999999662e-01 2.570212731768038439e-01
-7.099999999999999645e-01 2.584486113518657535e-01
-7.079999999999999627e-01 2.598792732055849042e-01
-7.059999999999999609e-01 2.613133231689295233e-01
-7.039999999999999591e-01 2.627508258683814435e-01
-7.020000000000000684e-01 2.641918461500867288e-01
-7.000000000000000666e-01 2.656364490973611714e-01
-6.980000000000000648e-01 2.670847000526186954e-01
-6.960000000000000631e-01 2.685366646308612326e-01
-6.940000000000000613e-01 2.699924087480933821e-01
-6.920000000000000595e-01 2.714519986361903503e-01
-6.900000000000000577e-01 2.729155008597612952e-01
-6.880000000000000560e-01 2.743829823400261159e-01
-6.860000000000000542e-01 2.758545103750414396e-01
-6.840000000000000524e-01 2.773301526514807547e-01
-6.820000000000000506e-01 2.788099772926322939e-01
-6.800000000000000488e-01 2.802940528261094744e-01
-6.780000000000000471e-01 2.817824482585644663e-01
-6.760000000000000453e-01 2.832752330649485617e-01
-6.740000000000000435e-01 2.847724772210635802e-01
-6.720000000000000417e-01 2.862742512166824849e-01
-6.700000000000000400e-01 2.877806260873403410e-01
-6.680000000000000382e-01 2.892916734255061018e-01
-6.660000000000000364e-01 2.908074654097025924e-01
-6.640000000000000346e-01 2.923280748207641166e-01
-6.620000000000000329e-01 2.938535750714515449e-01
-6.600000000000000311e-01 2.953840402207036364e-01
-6.580000000000000293e-01 2.969195450037753758e-01
-6.560000000000000275e-01 2.984601648481319258e-01
-6.540000000000000258e-01 3.000059759164403483e-01
-6.520000000000000240e-01 3.015570550973295516e-01
-6.500000000000000222e-01 3.031134800584029398e-01
-6.480000000000000204e-01 3.046753292653035516e-01
-6.460000000000000187e-01 3.062426820008484207e-01
-6.440000000000000169e-01 3.078156183940096713e-01
-6.420000000000000151e-01 3.093942194484333719e-01
-6.400000000000000133e-01 3.109785670689788062e-01
-6.380000000000000115e-01 3.125687440903412440e-01
-6.360000000000000098e-01 3.141648343005176147e-01
-6.340000000000000080e-01 3.157669224785317752e-01
-6.320000000000000062e-01 3.173750944166702226e-01
-6.300000000000000044e-01 3.189894369531701135e-01
-6.280000000000000027e-01 3.206100380069871747e-01
-6.260000000000000009e-01 3.222369866019785811e-01
-6.239999999999999991e-01 3.238703729099831619e-01
-6.219999999999999973e-01 3.255102882755895877e-01
-6.199999999999999956e-01 3.271568252533796906e-01
-6.179999999999999938e-01 3.288100776471674647e-01
-6.159999999999999920e-01 3.304701405391415880e-01
-6.139999999999999902e-01 3.321371103332806385e-01
-6.119999999999999885e-01 3.338110847893742128e-01
-6.099999999999999867e-01 3.354921630676747091e-01
-6.079999999999999849e-01 3.371804457642014197e-01
-6.059999999999999831e-01 3.388760349541615202e-01
-6.039999999999999813e-01 3.405790342368691381e-01
-6.019999999999999796e-01 3.422895487761868361e-01
-5.999999999999999778e-01 3.440076853496634723e-01
-5.979999999999999760e-01 3.457335523930491483e-01
-5.959999999999999742e-01 3.474672600519340682e-01
-5.939999999999999725e-01 3.492089202267736336e-01
-5.919999999999999707e-01 3.509586466270612215e-01
-5.899999999999999689e-01 3.527165548339906698e-01
-5.879999999999999671e-01 3.544827623137007389e-01
-5.859999999999999654e-01 3.562573885509646154e-01
-5.839999999999999636e-01 3.580405550330766351e-01
-5.819999999999999618e-01 3.598323853503483383e-01
-5.799999999999999600e-01 3.616330052423374353e-01
-5.779999999999999583e-01 3.634425426737479814e-01
-5.760000000000000675e-01 3.652611278946769624e-01
-5.740000000000000657e-01 3.670888935096627281e-01
-5.720000000000000639e-01 3.689259745542847746e-01
-5.700000000000000622e-01 3.707725085658868935e-01
-5.680000000000000604e-01 3.726286356595946425e-01
-5.660000000000000586e-01 3.744944986123192043e-01
-5.640000000000000568e-01 3.763702429429529039e-01
-5.620000000000000551e-01 3.782560170038092306e-01
-5.600000000000000533e-01 3.801519720430803218e-01
-5.580000000000000515e-01 3.820582623541787792e-01
-5.560000000000000497e-01 3.839750453115884921e-01
-5.540000000000000480e-01 3.859024815058265112e-01
-5.520000000000000462e-01 3.878407348379829256e-01
-5.500000000000000444e-01 3.897899726265420250e-01
-5.480000000000000426e-01 3.917503657229721714e-01
-5.460000000000000409e-01 3.937220886291953326e-01
-5.440000000000000391e-01 3.957053196143898721e-01
-5.420000000000000373e-01 3.977002408490803997e-01
-5.400000000000000355e-01 3.997070385327469721e-01
-5.380000000000000338e-01 4.017259030358336092e-01
-5.360000000000000320e-01 4.037570290402630602e-01
-5.340000000000000302e-01 4.058006156917974283e-01
-5.320000000000000284e-01 4.078568667552978644e-01
-5.300000000000000266e-01 4.099259907824177041e-01
-5.280000000000000249e-01 4.120082012794994419e-01
-5.260000000000000231e-01 4.141037168882916175e-01
-5.240000000000000213e-01 4.162127615740831010e-01
-5.220000000000000195e-01 4.183355648230550061e-01
-5.200000000000000178e-01 4.204723618083134884e-01
-5.180000000000000160e-01 4.226233937140507213e-01
-5.160000000000000142e-01 4.247889078401207441e-01
-5.140000000000000124e-01 4.269691578967779733e-01
-5.120000000000000107e-01 4.291644042468674147e-01
-5.100000000000000089e-01 4.313749141616629590e-01
-5.080000000000000071e-01 4.336009620972815504e-01
-5.060000000000000053e-01 4.358428299801535566e-01
-5.040000000000000036e-01 4.381008075181468953e-01
-5.020000000000000018e-01 4.403751925030887637e-01
-5.000000000000000000e-01 4.426662911565987235e-01
-4.979999999999999982e-01 4.449744184840083161e-01
-4.959999999999999964e-01 4.472998986381487296e-01
-4.939999999999999947e-01 4.496430653399875466e-01
-4.919999999999999929e-01 4.520042622386726827e-01
-4.899999999999999911e-01 4.543838434059642162e-01
-4.879999999999999893e-01 4.567821737694992557e-01
-4.859999999999999876e-01 4.591996296097598518e-01
-4.839999999999999858e-01 4.616365990249813867e-01
-4.819999999999999840e-01 4.640934827001481078e-01
-4.799999999999999822e-01 4.665706941573840028e-01
-4.780000000000000360e-01 4.690686605950286081e-01
-4.760000000000000342e-01 4.715878234908441047e-01
-4.740000000000000324e-01 4.741286392987987264e-01
-4.720000000000000306e-01 4.766915801911080219e-01
-4.700000000000000289e-01 4.792771348496636663e-01
-4.680000000000000271e-01 4.818858093071248794e-01
-4.660000000000000253e-01 4.845181278484667065e-01
-4.640000000000000235e-01 4.871746339644724144e-01
-4.620000000000000218e-01 4.898558913827989469e-01
-4.600000000000000200e-01 4.925624851612572797e-01
-4.580000000000000182e-01 4.952950228643088759e-01
-4.560000000000000164e-01 4.980541358200860635e-01
-4.540000000000000147e-01 5.008404804784751807e-01
-4.520000000000000129e-01 5.036547398495289096e-01
-4.500000000000000111e-01 5.064976250817456727e-01
-4.480000000000000093e-01 5.093698771353515342e-01
-4.460000000000000075e-01 5.122722685998526426e-01
-4.440000000000000058e-01 5.152056056543603546e-01
-4.420000000000000040e-01 5.181707301852056524e-01
-4.400000000000000022e-01 5.211685220815811537e-01
-4.380000000000000004e-01 5.241999017253243798e-01
-4.359999999999999987e-01 5.272658326922505800e-01
-4.339999999999999969e-01 5.303673246918346740e-01
-4.319999999999999951e-01 5.335054367708712553e-01
-4.299999999999999933e-01 5.366812808103728072e-01
-4.279999999999999916e-01 5.398960253446902779e-01
-4.259999999999999898e-01 5.431508997497230817e-01
-4.239999999999999880e-01 5.464471988339223429e-01
-4.219999999999999862e-01 5.497862878904029582e-01
-4.199999999999999845e-01 5.531696082585008112e-01
-4.179999999999999827e-01 5.565986834714921061e-01
-4.160000000000000364e-01 5.600751260483660676e-01
-4.140000000000000346e-01 5.636006450418361569e-01
-4.120000000000000329e-01 5.671770544216029331e-01
-4.100000000000000311e-01 5.708062824231341370e-01
-4.080000000000000293e-01 5.744903819997471128e-01
-4.060000000000000275e-01 5.782315425120101438e-01
-4.040000000000000258e-01 5.820321030597115364e-01
-4.020000000000000240e-01 5.858945670661099836e-01
-4.000000000000000222e-01 5.898216192985991091e-01
-3.980000000000000204e-01 5.938161449203956943e-01
-3.960000000000000187e-01 5.978812512694268166e-01
-3.940000000000000169e-01 6.020202927856669328e-01
-3.920000000000000151e-01 6.062368996616024353e-01
-3.900000000000000133e-01 6.105350109206971743e-01
-3.880000000000000115e-01 6.149189127897646268e-01
-3.860000000000000098e-01 6.193932834408758525e-01
-3.840000000000000080e-01 6.239632454457380017e-01
-3.820000000000000062e-01 6.286344276330109171e-01
-3.800000000000000044e-01 6.334130384999800967e-01
-3.780000000000000027e-01 6.383059539222298850e-01
-3.760000000000000009e-01 6.433208227385449618e-01
-3.739999999999999991e-01 6.484661948622608696e-01
-3.719999999999999973e-01 6.537516781220936712e-01
-3.699999999999999956e-01 6.591881320573614866e-01
-3.679999999999999938e-01 6.647879100622824389e-01
-3.659999999999999920e-01 6.705651653437557647e-01
-3.639999999999999902e-01 6.765362423576956052e-01
-3.619999999999999885e-01 6.827201855938992425e-01
-3.599999999999999867e-01 6.891394110235394832e-01
-3.579999999999999849e-01 6.958206091383529746e-01
-3.559999999999999831e-01 7.027959853343986873e-01
-3.539999999999999813e-01 7.101050059023653604e-01
-3.519999999999999796e-01 7.177969269026075461e-01
-3.500000000000000333e-01 7.259345839619523177e-01
-3.480000000000000315e-01 7.346003077942732107e-01
-3.460000000000000298e-01 7.439056367121216207e-01
-3.440000000000000280e-01 7.540083121360765528e-01
-3.420000000000000262e-01 7.651446087084124992e-01
-3.400000000000000244e-01 7.776983199792759649e-01
-3.380000000000000226e-01 7.923752560897752151e-01
-3.360000000000000209e-01 8.107917033185909617e-01
-3.340000000000000191e-01 8.394413986862575561e-01
-3.320000000000000173e-01 8.681208634186673434e-01
-3.300000000000000155e-01 8.679688330320749490e-01
-3.280000000000000138e-01 8.678179068540986529e-01
-3.260000000000000120e-01 8.676680810159036472e-01
-3.240000000000000102e-01 8.675193517416140976e-01
-3.220000000000000084e-01 8.673717152685276321e-01
-3.200000000000000067e-01 8.672251678498319460e-01
-3.180000000000000049e-01 8.670797058284316350e-01
-3.160000000000000031e-01 8.669353255449498974e-01
-3.140000000000000013e-01 8.667920233799096819e-01
-3.119999999999999996e-01 8.666497958126612167e-01
-3.099999999999999978e-01 8.665086392262559833e-01
-3.079999999999999960e-01 8.663685501652055310e-01
-3.059999999999999942e-01 8.662295251704607013e-01
-3.039999999999999925e-01 8.660915608102799368e-01
-3.019999999999999907e-01 8.659546536892952506e-01
-2.999999999999999889e-01 8.658188004482006983e-01
-2.979999999999999871e-01 8.656839977703914002e-01
-2.959999999999999853e-01 8.655502423124562528e-01
-2.939999999999999836e-01 8.654175309708157515e-01
-2.919999999999999818e-01 8.652858604064742609e-01
-2.899999999999999800e-01 8.651552274365289508e-01
-2.880000000000000338e-01 8.650256289165851875e-01
-2.860000000000000320e-01 8.648970617346599665e-01
-2.840000000000000302e-01 8.647695228074230300e-01
-2.820000000000000284e-01 8.646430090794835488e-01
-2.800000000000000266e-01 8.645175175315853444e-01
-2.780000000000000249e-01 8.643930451701861140e-01
-2.760000000000000231e-01 8.642695890352446453e-01
-2.740000000000000213e-01 8.641471461979222113e-01
-2.720000000000000195e-01 8.640257137610484195e-01
-2.700000000000000178e-01 8.639052888584359824e-01
-2.680000000000000160e-01 8.637858686546020515e-01
-2.660000000000000142e-01 8.636674503424128790e-01
-2.640000000000000124e-01 8.635500311524866301e-01
-2.620000000000000107e-01 8.634336083338390866e-01
-2.600000000000000089e-01 8.633181791724289234e-01
-2.580000000000000071e-01 8.632037409816982754e-01
-2.560000000000000053e-01 8.630902911043016879e-01
-2.540000000000000036e-01 8.629778269071631813e-01
-2.520000000000000018e-01 8.628663458135223951e-01
-2.500000000000000000e-01 8.627558452325783112e-01
-2.479999999999999982e-01 8.626463226113133542e-01
-2.459999999999999964e-01 8.625377754388454665e-01
-2.439999999999999947e-01 8.624302012303239895e-01
-2.419999999999999929e-01 8.623235975260085118e-01
-2.399999999999999911e-01 8.622179618947443114e-01
-2.380000000000000171e-01 8.621132919306979669e-01
-2.360000000000000153e-01 8.620095852567629668e-01
-2.340000000000000135e-01 8.619068395201875399e-01
-2.320000000000000118e-01 8.618050523961664489e-01
-2.300000000000000100e-01 8.617042215843133679e-01
-2.280000000000000082e-01 8.616043448128758442e-01
-2.260000000000000064e-01 8.615054198343767844e-01
-2.240000000000000047e-01 8.614074444259810504e-01
-2.220000000000000029e-01 8.613104163923354095e-01
-2.200000000000000011e-01 8.612143335629937058e-01
-2.179999999999999993e-01 8.611191937933174723e-01
-2.159999999999999976e-01 8.610249949619106502e-01
-2.139999999999999958e-01 8.609317349739076253e-01
-2.119999999999999940e-01 8.608394117587511163e-01
-2.099999999999999922e-01 8.607480232702253709e-01
-2.080000000000000182e-01 8.606575674866936421e-01
-2.060000000000000164e-01 8.605680424136760154e-01
-2.040000000000000147e-01 8.604794460700564418e-01
-2.020000000000000129e-01 8.603917765136254170e-01
-2.000000000000000111e-01 8.603050318158272924e-01
-1.980000000000000093e-01 8.602192100753164317e-01
-1.960000000000000075e-01 8.601343094122417821e-01
-1.940000000000000058e-01 8.600503279725212336e-01
-1.920000000000000040e-01 8.599672639233327809e-01
-1.900000000000000022e-01 8.598851154550037901e-01
-1.880000000000000004e-01 8.598038807810930440e-01
-1.859999999999999987e-01 8.597235581383433356e-01
-1.839999999999999969e-01 8.596441457852491697e-01
-1.819999999999999951e-01 8.595656420024547772e-01
-1.799999999999999933e-01 8.594880450942402605e-01
-1.779999999999999916e-01 8.594113533562836027e-01
-1.759999999999999898e-01 8.593355652180049153e-01
-1.740000000000000158e-01 8.592606789937420331e-01
-1.720000000000000140e-01 8.591866930767367849e-01
-1.700000000000000122e-01 8.591136058762107730e-01
-1.680000000000000104e-01 8.590414158305499370e-01
-1.660000000000000087e-01 8.589701213918915501e-01
-1.640000000000000069e-01 8.588997210428079843e-01
-1.620000000000000051e-01 8.588302132792278165e-01
-1.600000000000000033e-01 8.587615966222271746e-01
-1.580000000000000016e-01 8.586938696116624969e-01
-1.559999999999999998e-01 8.586270308094383630e-01
-1.539999999999999980e-01 8.585610787982006498e-01
-1.519999999999999962e-01 8.584960121828874025e-01
-1.499999999999999944e-01 8.584318295852881864e-01
-1.479999999999999927e-01 8.583685296495746631e-01
-1.459999999999999909e-01 8.583061110382854686e-01
-1.440000000000000169e-01 8.582445724406858600e-01
-1.420000000000000151e-01 8.581839125647610089e-01
-1.400000000000000133e-01 8.581241301168952562e-01
-1.380000000000000115e-01 8.580652238555036559e-01
-1.360000000000000098e-01 8.580071925443276681e-01
-1.340000000000000080e-01 8.579500349656916658e-01
-1.320000000000000062e-01 8.578937499240844033e-01
-1.300000000000000044e-01 8.578383362431554193e-01
-1.280000000000000027e-01 8.577837927637678161e-01
-1.260000000000000009e-01 8.577301183500946058e-01
-1.239999999999999991e-01 8.576773118831448883e-01
-1.219999999999999973e-01 8.576253722612801056e-01
-1.199999999999999956e-01 8.575742984073314590e-01
-1.180000000000000077e-01 8.575240892580986429e-01
-1.160000000000000059e-01 8.574747437729098865e-01
-1.140000000000000041e-01 8.574262609281533276e-01
-1.120000000000000023e-01 8.573786397186604624e-01
-1.100000000000000006e-01 8.573318791604001010e-01
-1.079999999999999988e-01 8.572859782857455979e-01
-1.059999999999999970e-01 8.572409361469288669e-01
-1.040000000000000091e-01 8.571967518131865527e-01
-1.020000000000000073e-01 8.571534243752504389e-01
-1.000000000000000056e-01 8.571109529386616854e-01
-9.800000000000000377e-02 8.570693366305243144e-01
-9.600000000000000200e-02 8.570285745935722899e-01
-9.400000000000000022e-02 8.569886659908618753e-01
-9.199999999999999845e-02 8.569496100066983368e-01
-8.999999999999999667e-02 8.569114058298760161e-01
-8.799999999999999489e-02 8.568740526852893780e-01
-8.600000000000000699e-02 8.568375498071080232e-01
-8.400000000000000522e-02 8.568018964443016028e-01
-8.200000000000000344e-02 8.567670918705420080e-01
-8.000000000000000167e-02 8.567331353725269327e-01
-7.799999999999999989e-02 8.567000262581128123e-01
-7.599999999999999811e-02 8.566677638506419168e-01
-7.399999999999999634e-02 8.566363474908327280e-01
-7.200000000000000844e-02 8.566057765384152978e-01
-7.000000000000000666e-02 8.565760503717033680e-01
-6.800000000000000488e-02 8.565471683842204031e-01
-6.600000000000000311e-02 8.565191299884771237e-01
-6.400000000000000133e-02 8.564919346133409439e-01
-6.199999999999999956e-02 8.564655817062142296e-01
-5.999999999999999778e-02 8.564400707327961548e-01
-5.800000000000000294e-02 8.564154011737011851e-01
-5.600000000000000117e-02 8.563915725269756196e-01
-5.399999999999999939e-02 8.563685843112970320e-01
-5.200000000000000455e-02 8.563464360594200686e-01
-5.000000000000000278e-02 8.563251273231242688e-01
-4.800000000000000100e-02 8.563046576694619549e-01
-4.599999999999999922e-02 8.562850266844590497e-01
-4.399999999999999745e-02 8.562662339697671987e-01
-4.200000000000000261e-02 8.562482791456685893e-01
-4.000000000000000083e-02 8.562311618492700616e-01
-3.799999999999999906e-02 8.562148817326119543e-01
-3.600000000000000422e-02 8.561994384703113248e-01
-3.400000000000000244e-02 8.561848317459918034e-01
-3.200000000000000067e-02 8.561710612661718178e-01
-2.999999999999999889e-02 8.561581267533067141e-01
-2.800000000000000058e-02 8.561460279454092825e-01
-2.600000000000000228e-02 8.561347645983750088e-01
-2.400000000000000050e-02 8.561243364844081105e-01
-2.199999999999999872e-02 8.561147433934788165e-01
-2.000000000000000042e-02 8.561059851324508418e-01
-1.800000000000000211e-02 8.560980615236055691e-01
-1.600000000000000033e-02 8.560909724080395522e-01
-1.400000000000000029e-02 8.560847176432953010e-01
-1.200000000000000025e-02 8.560792971007052943e-01
-1.000000000000000021e-02 8.560747106733733736e-01
-8.000000000000000167e-03 8.560709582672960671e-01
-6.000000000000000125e-03 8.560680398090991794e-01
-4.000000000000000083e-03 8.560659552363215630e-01
-2.000000000000000042e-03 8.560647045102510733e-01
0.000000000000000000e+00 8.560642876060307049e-01
2.000000000000000042e-03 8.560647045102510733e-01
4.000000000000000083e-03 8.560659552363215630e-01
6.000000000000000125e-03 8.560680398090991794e-01
8.000000000000000167e-03 8.560709582672960671e-01
1.000000000000000021e-02 8.560747106733733736e-01
1.200000000000000025e-02 8.560792971007052943e-01
1.400000000000000029e-02 8.560847176432953010e-01
1.600000000000000033e-02 8.560909724080395522e-01
1.800000000000000211e-02 8.560980615236055691e-01
2.000000000000000042e-02 8.561059851324508418e-01
2.199999999999999872e-02 8.561147433934788165e-01
2.400000000000000050e-02 8.561243364844081105e-01
2.600000000000000228e-02 8.561347645983750088e-01
2.800000000000000058e-02 8.561460279454092825e-01
2.999999999999999889e-02 8.561581267533067141e-01
3.200000000000000067e-02 8.561710612661718178e-01
3.400000000000000244e-02 8.561848317459918034e-01
3.600000000000000422e-02 8.561994384703113248e-01
3.799999999999999906e-02 8.562148817326119543e-01
4.000000000000000083e-02 8.562311618492700616e-01
4.200000000000000261e-02 8.562482791456685893e-01
4.399999999999999745e-02 8.562662339697671987e-01
4.599999999999999922e-02 8.562850266844590497e-01
4.800000000000000100e-02 8.563046576694619549e-01
5.000000000000000278e-02 8.563251273231242688e-01
5.200000000000000455e-02 8.563464360594200686e-01
5.399999999999999939e-02 8.563685843112970320e-01
5.600000000000000117e-02 8.563915725269756196e-01
5.800000000000000294e-02 8.564154011737011851e-01
5.999999999999999778e-02 8.564400707327961548e-01
6.199999999999999956e-02 8.564655817062142296e-01
6.400000000000000133e-02 8.564919346133409439e-01
6.600000000000000311e-02 8.565191299884771237e-01
6.800000000000000488e-02 8.565471683842204031e-01
7.000000000000000666e-02 8.565760503717033680e-01
7.200000000000000844e-02 8.566057765384152978e-01
7.399999999999999634e-02 8.566363474908327280e-01
7.599999999999999811e-02 8.566677638506419168e-01
7.799999999999999989e-02 8.567000262581128123e-01
8.000000000000000167e-02 8.567331353725269327e-01
8.200000000000000344e-02 8.567670918705420080e-01
8.400000000000000522e-02 8.568018964443016028e-01
8.600000000000000699e-02 8.568375498071080232e-01
8.799999999999999489e-02 8.568740526852893780e-01
8.999999999999999667e-02 8.569114058298760161e-01
9.199999999999999845e-02 8.569496100066983368e-01
9.400000000000000022e-02 8.569886659908618753e-01
9.600000000000000200e-02 8.570285745935722899e-01
9.800000000000000377e-02 8.570693366305243144e-01
1.000000000000000056e-01 8.571109529386616854e-01
1.020000000000000073e-01 8.571534243752504389e-01
1.040000000000000091e-01 8.571967518131865527e-01
1.059999999999999970e-01 8.572409361469288669e-01
1.079999999999999988e-01 8.572859782857455979e-01
1.100000000000000006e-01 8.573318791604001010e-01
1.120000000000000023e-01 8.573786397186604624e-01
1.140000000000000041e-01 8.574262609281533276e-01
1.160000000000000059e-01 8.574747437729098865e-01
1.180000000000000077e-01 8.575240892580986429e-01
1.199999999999999956e-01 8.575742984073314590e-01
1.219999999999999973e-01 8.576253722612801056e-01
1.239999999999999991e-01 8.576773118831448883e-01
1.260000000000000009e-01 8.577301183500946058e-01
1.280000000000000027e-01 8.577837927637678161e-01
1.300000000000000044e-01 8.578383362431554193e-01
1.320000000000000062e-01 8.578937499240844033e-01
1.340000000000000080e-01 8.579500349656916658e-01
1.360000000000000098e-01 8.580071925443276681e-01
1.380000000000000115e-01 8.580652238555036559e-01
1.400000000000000133e-01 8.581241301168952562e-01
1.420000000000000151e-01 8.581839125647610089e-01
1.440000000000000169e-01 8.582445724406858600e-01
1.459999999999999909e-01 8.583061110382854686e-01
1.479999999999999927e-01 8.583685296495746631e-01
1.499999999999999944e-01 8.584318295852881864e-01
1.519999999999999962e-01 8.584960121828874025e-01
1.539999999999999980e-01 8.585610787982006498e-01
1.559999999999999998e-01 8.586270308094383630e-01
1.580000000000000016e-01 8.586938696116624969e-01
1.600000000000000033e-01 8.587615966222271746e-01
1.620000000000000051e-01 8.588302132792278165e-01
1.640000000000000069e-01 8.588997210428079843e-01
1.660000000000000087e-01 8.589701213918915501e-01
1.680000000000000104e-01 8.590414158305499370e-01
1.700000000000000122e-01 8.591136058762107730e-01
1.720000000000000140e-01 8.591866930767367849e-01
1.740000000000000158e-01 8.592606789937420331e-01
1.759999999999999898e-01 8.593355652180049153e-01
1.779999999999999916e-01 8.594113533562836027e-01
1.799999999999999933e-01 8.594880450942402605e-01
1.819999999999999951e-01 8.595656420024547772e-01
1.839999999999999969e-01 8.596441457852491697e-01
1.859999999999999987e-01 8.597235581383433356e-01
1.880000000000000004e-01 8.598038807810930440e-01
1.900000000000000022e-01 8.598851154550037901e-01
1.920000000000000040e-01 8.599672639233327809e-01
1.940000000000000058e-01 8.600503279725212336e-01
1.960000000000000075e-01 8.601343094122417821e-01
1.980000000000000093e-01 8.602192100753164317e-01
2.000000000000000111e-01 8.603050318158272924e-01
2.020000000000000129e-01 8.603917765136254170e-01
2.040000000000000147e-01 8.604794460700564418e-01
2.060000000000000164e-01 8.605680424136760154e-01
2.080000000000000182e-01 8.606575674866936421e-01
2.099999999999999922e-01 8.607480232702253709e-01
2.119999999999999940e-01 8.608394117587511163e-01
2.139999999999999958e-01 8.609317349739076253e-01
2.159999999999999976e-01 8.610249949619106502e-01
2.179999999999999993e-01 8.611191937933174723e-01
2.200000000000000011e-01 8.612143335629937058e-01
2.220000000000000029e-01 8.613104163923354095e-01
2.240000000000000047e-01 8.614074444259810504e-01
2.260000000000000064e-01 8.615054198343767844e-01
2.280000000000000082e-01 8.616043448128758442e-01
2.300000000000000100e-01 8.617042215843133679e-01
2.320000000000000118e-01 8.618050523961664489e-01
2.340000000000000135e-01 8.619068395201875399e-01
2.360000000000000153e-01 8.620095852567629668e-01
2.380000000000000171e-01 8.621132919306979669e-01
2.399999999999999911e-01 8.622179618947443114e-01
2.419999999999999929e-01 8.623235975260085118e-01
2.439999999999999947e-01 8.624302012303239895e-01
2.459999999999999964e-01 8.625377754388454665e-01
2.479999999999999982e-01 8.626463226113133542e-01
2.500000000000000000e-01 8.627558452325783112e-01
2.520000000000000018e-01 8.628663458135223951e-01
2.540000000000000036e-01 8.629778269071631813e-01
2.560000000000000053e-01 8.630902911043016879e-01
2.580000000000000071e-01 8.632037409816982754e-01
2.600000000000000089e-01 8.633181791724289234e-01
2.620000000000000107e-01 8.634336083338390866e-01
2.640000000000000124e-01 8.635500311524866301e-01
2.660000000000000142e-01 8.636674503424128790e-01
2.680000000000000160e-01 8.637858686546020515e-01
2.700000000000000178e-01 8.639052888584359824e-01
2.720000000000000195e-01 8.640257137610484195e-01
2.740000000000000213e-01 8.641471461979222113e-01
2.760000000000000231e-01 8.642695890352446453e-01
2.780000000000000249e-01 8.643930451701861140e-01
2.800000000000000266e-01 8.645175175315853444e-01
2.820000000000000284e-01 8.646430090794835488e-01
2.840000000000000302e-01 8.647695228074230300e-01
2.860000000000000320e-01 8.648970617346599665e-01
2.880000000000000338e-01 8.650256289165851875e-01
2.899999999999999800e-01 8.651552274365289508e-01
2.919999999999999818e-01 8.652858604064742609e-01
2.939999999999999836e-01 8.654175309708157515e-01
2.959999999999999853e-01 8.655502423124562528e-01
2.979999999999999871e-01 8.656839977703914002e-01
2.999999999999999889e-01 8.658188004482006983e-01
3.019999999999999907e-01 8.659546536892952506e-01
3.039999999999999925e-01 8.660915608102799368e-01
3.059999999999999942e-01 8.662295251704607013e-01
3.079999999999999960e-01 8.663685501652055310e-01
3.099999999999999978e-01 8.665086392262559833e-01
3.119999999999999996e-01 8.666497958126612167e-01
3.140000000000000013e-01 8.667920233799096819e-01
3.160000000000000031e-01 8.669353255449498974e-01
3.180000000000000049e-01 8.670797058284316350e-01
3.200000000000000067e-01 8.672251678498319460e-01
3.220000000000000084e-01 8.673717152685276321e-01
3.240000000000000102e-01 8.675193517416140976e-01
3.260000000000000120e-01 8.676680810159036472e-01
3.280000000000000138e-01 8.678179068540986529e-01
3.300000000000000155e-01 8.679688330320749490e-01
3.320000000000000173e-01 8.681208634186673434e-01
3.340000000000000191e-01 8.394413986862575561e-01
3.360000000000000209e-01 8.107917033185909617e-01
3.380000000000000226e-01 7.923752560897752151e-01
3.400000000000000244e-01 7.776983199792759649e-01
3.420000000000000262e-01 7.651446087084124992e-01
3.440000000000000280e-01 7.540083121360765528e-01
3.460000000000000298e-01 7.439056367121216207e-01
3.480000000000000315e-01 7.346003077942732107e-01
3.500000000000000333e-01 7.259345839619523177e-01
3.519999999999999796e-01 7.177969269026075461e-01
3.539999999999999813e-01 7.101050059023653604e-01
3.559999999999999831e-01 7.027959853343986873e-01
3.579999999999999849e-01 6.958206091383529746e-01
3.599999999999999867e-01 6.891394110235394832e-01
3.619999999999999885e-01 6.827201855938992425e-01
3.639999999999999902e-01 6.765362423576956052e-01
3.659999999999999920e-01 6.705651653437557647e-01
3.679999999999999938e-01 6.647879100622824389e-01
3.699999999999999956e-01 6.591881320573614866e-01
3.719999999999999973e-01 6.537516781220936712e-01
3.739999999999999991e-01 6.484661948622608696e-01
3.760000000000000009e-01 6.433208227385449618e-01
3.780000000000000027e-01 6.383059539222298850e-01
3.800000000000000044e-01 6.334130384999800967e-01
3.820000000000000062e-01 6.286344276330109171e-01
3.840000000000000080e-01 6.239632454457380017e-01
3.860000000000000098e-01 6.193932834408758525e-01
3.880000000000000115e-01 6.149189127897646268e-01
3.900000000000000133e-01 6.105350109206971743e-01
3.920000000000000151e-01 6.062368996616024353e-01
3.940000000000000169e-01 6.020202927856669328e-01
3.960000000000000187e-01 5.978812512694268166e-01
3.980000000000000204e-01 5.938161449203956943e-01
4.000000000000000222e-01 5.898216192985991091e-01
4.020000000000000240e-01 5.858945670661099836e-01
4.040000000000000258e-01 5.820321030597115364e-01
4.060000000000000275e-01 5.782315425120101438e-01
4.080000000000000293e-01 5.744903819997471128e-01
4.100000000000000311e-01 5.708062824231341370e-01
4.120000000000000329e-01 5.671770544216029331e-01
4.140000000000000346e-01 5.636006450418361569e-01
4.160000000000000364e-01 5.600751260483660676e-01
4.179999999999999827e-01 5.565986834714921061e-01
4.199999999999999845e-01 5.531696082585008112e-01
4.219999999999999862e-01 5.497862878904029582e-01
4.239999999999999880e-01 5.464471988339223429e-01
4.259999999999999898e-01 5.431508997497230817e-01
4.279999999999999916e-01 5.398960253446902779e-01
4.299999999999999933e-01 5.366812808103728072e-01
4.319999999999999951e-01 5.335054367708712553e-01
4.339999999999999969e-01 5.303673246918346740e-01
4.359999999999999987e-01 5.272658326922505800e-01
4.380000000000000004e-01 5.241999017253243798e-01
4.400000000000000022e-01 5.211685220815811537e-01
4.420000000000000040e-01 5.181707301852056524e-01
4.440000000000000058e-01 5.152056056543603546e-01
4.460000000000000075e-01 5.122722685998526426e-01
4.480000000000000093e-01 5.093698771353515342e-01
4.500000000000000111e-01 5.064976250817456727e-01
4.520000000000000129e-01 5.036547398495289096e-01
4.540000000000000147e-01 5.008404804784751807e-01
4.560000000000000164e-01 4.980541358200860635e-01
4.580000000000000182e-01 4.952950228643088759e-01
4.600000000000000200e-01 4.925624851612572797e-01
4.620000000000000218e-01 4.898558913827989469e-01
4.640000000000000235e-01 4.871746339644724144e-01
4.660000000000000253e-01 4.845181278484667065e-01
4.680000000000000271e-01 4.818858093071248794e-01
4.700000000000000289e-01 4.792771348496636663e-01
4.720000000000000306e-01 4.766915801911080219e-01
4.740000000000000324e-01 4.741286392987987264e-01
4.760000000000000342e-01 4.715878234908441047e-01
4.780000000000000360e-01 4.690686605950286081e-01
4.799999999999999822e-01 4.665706941573840028e-01
4.819999999999999840e-01 4.640934827001481078e-01
4.839999999999999858e-01 4.616365990249813867e-01
4.859999999999999876e-01 4.591996296097598518e-01
4.879999999999999893e-01 4.567821737694992557e-01
4.899999999999999911e-01 4.543838434059642162e-01
4.919999999999999929e-01 4.520042622386726827e-01
4.939999999999999947e-01 4.496430653399875466e-01
4.959999999999999964e-01 4.472998986381487296e-01
4.979999999999999982e-01 4.449744184840083161e-01
5.000000000000000000e-01 4.426662911565987235e-01
5.020000000000000018e-01 4.403751925030887637e-01
5.040000000000000036e-01 4.381008075181468953e-01
5.060000000000000053e-01 4.358428299801535566e-01
5.080000000000000071e-01 4.336009620972815504e-01
5.100000000000000089e-01 4.313749141616629590e-01
5.120000000000000107e-01 4.291644042468674147e-01
5.140000000000000124e-01 4.269691578967779733e-01
5.160000000000000142e-01 4.247889078401207441e-01
5.180000000000000160e-01 4.226233937140507213e-01
5.200000000000000178e-01 4.204723618083134884e-01
5.220000000000000195e-01 4.183355648230550061e-01
5.240000000000000213e-01 4.162127615740831010e-01
5.260000000000000231e-01 4.141037168882916175e-01
5.280000000000000249e-01 4.120082012794994419e-01
5.300000000000000266e-01 4.099259907824177041e-01
5.320000000000000284e-01 4.078568667552978644e-01
5.340000000000000302e-01 4.058006156917974283e-01
5.360000000000000320e-01 4.037570290402630602e-01
5.380000000000000338e-01 4.017259030358336092e-01
5.400000000000000355e-01 3.997070385327469721e-01
5.420000000000000373e-01 3.977002408490803997e-01
5.440000000000000391e-01 3.957053196143898721e-01
5.460000000000000409e-01 3.937220886291953326e-01
5.480000000000000426e-01 3.917503657229721714e-01
5.500000000000000444e-01 3.897899726265420250e-01
5.520000000000000462e-01 3.878407348379829256e-01
5.540000000000000480e-01 3.859024815058265112e-01
5.560000000000000497e-01 3.839750453115884921e-01
5.580000000000000515e-01 3.820582623541787792e-01
5.600000000000000533e-01 3.801519720430803218e-01
5.620000000000000551e-01 3.782560170038092306e-01
5.640000000000000568e-01 3.763702429429529039e-01
5.660000000000000586e-01 3.744944986123192043e-01
5.680000000000000604e-01 3.726286356595946425e-01
5.700000000000000622e-01 3.707725085658868935e-01
5.720000000000000639e-01 3.689259745542847746e-01
5.740000000000000657e-01 3.670888935096627281e-01
5.760000000000000675e-01 3.652611278946769624e-01
5.779999999999999583e-01 3.634425426737479814e-01
5.799999999999999600e-01 3.616330052423374353e-01
5.819999999999999618e-01 3.598323853503483383e-01
5.839999999999999636e-01 3.580405550330766351e-01
5.859999999999999654e-01 3.562573885509646154e-01
5.879999999999999671e-01 3.544827623137007389e-01
5.899999999999999689e-01 3.527165548339906698e-01
5.919999999999999707e-01 3.509586466270612215e-01
5.939999999999999725e-01 3.492089202267736336e-01
5.959999999999999742e-01 3.474672600519340682e-01
5.979999999999999760e-01 3.457335523930491483e-01
5.999999999999999778e-01 3.440076853496634723e-01
6.019999999999999796e-01 3.422895487761868361e-01
6.039999999999999813e-01 3.405790342368691381e-01
6.059999999999999831e-01 3.388760349541615202e-01
6.079999999999999849e-01 3.371804457642014197e-01
6.099999999999999867e-01 3.354921630676747091e-01
6.119999999999999885e-01 3.338110847893742128e-01
6.139999999999999902e-01 3.321371103332806385e-01
6.159999999999999920e-01 3.304701405391415880e-01
6.179999999999999938e-01 3.288100776471674647e-01
6.199999999999999956e-01 3.271568252533796906e-01
6.219999999999999973e-01 3.255102882755895877e-01
6.239999999999999991e-01 3.238703729099831619e-01
6.260000000000000009e-01 3.222369866019785811e-01
6.280000000000000027e-01 3.206100380069871747e-01
6.300000000000000044e-01 3.189894369531701135e-01
6.320000000000000062e-01 3.173750944166702226e-01
6.340000000000000080e-01 3.157669224785317752e-01
6.360000000000000098e-01 3.141648343005176147e-01
6.380000000000000115e-01 3.125687440903412440e-01
6.400000000000000133e-01 3.109785670689788062e-01
6.420000000000000151e-01 3.093942194484333719e-01
6.440000000000000169e-01 3.078156183940096713e-01
6.460000000000000187e-01 3.062426820008484207e-01
6.480000000000000204e-01 3.046753292653035516e-01
6.500000000000000222e-01 3.031134800584029398e-01
6.520000000000000240e-01 3.015570550973295516e-01
6.540000000000000258e-01 3.000059759164403483e-01
6.560000000000000275e-01 2.984601648481319258e-01
6.580000000000000293e-01 2.969195450037753758e-01
6.600000000000000311e-01 2.953840402207036364e-01
6.620000000000000329e-01 2.938535750714515449e-01
6.640000000000000346e-01 2.923280748207641166e-01
6.660000000000000364e-01 2.908074654097025924e-01
6.680000000000000382e-01 2.892916734255061018e-01
6.700000000000000400e-01 2.877806260873403410e-01
6.720000000000000417e-01 2.862742512166824849e-01
6.740000000000000435e-01 2.847724772210635802e-01
6.760000000000000453e-01 2.832752330649485617e-01
6.780000000000000471e-01 2.817824482585644663e-01
6.800000000000000488e-01 2.802940528261094744e-01
6.820000000000000506e-01 2.788099772926322939e-01
6.840000000000000524e-01 2.773301526514807547e-01
6.860000000000000542e-01 2.758545103750414396e-01
6.880000000000000560e-01 2.743829823400261159e-01
6.900000000000000577e-01 2.729155008597612952e-01
6.920000000000000595e-01 2.714519986361903503e-01
6.940000000000000613e-01 2.699924087480933821e-01
6.960000000000000631e-01 2.685366646308612326e-01
6.980000000000000648e-01 2.670847000526186954e-01
7.000000000000000666e-01 2.656364490973611714e-01
7.020000000000000684e-01 2.641918461500867288e-01
7.039999999999999591e-01 2.627508258683814435e-01
7.059999999999999609e-01 2.613133231689295233e-01
7.079999999999999627e-01 2.598792732055849042e-01
7.099999999999999645e-01 2.584486113518657535e-01
7.119999999999999662e-01 2.570212731768038439e-01
7.139999999999999680e-01 2.555971944307495747e-01
7.159999999999999698e-01 2.541763110236762713e-01
7.179999999999999716e-01 2.527585590038536889e-01
7.199999999999999734e-01 2.513438745423526854e-01
7.219999999999999751e-01 2.499321939063513798e-01
7.239999999999999769e-01 2.485234534431947917e-01
7.259999999999999787e-01 2.471175895610354389e-01
7.279999999999999805e-01 2.457145387086201449e-01
7.299999999999999822e-01 2.443142373510407972e-01
7.319999999999999840e-01 2.429166219483495093e-01
7.339999999999999858e-01 2.415216289419590823e-01
7.359999999999999876e-01 2.401291947281181671e-01
7.379999999999999893e-01 2.387392556337494254e-01
7.399999999999999911e-01 2.373517478953146576e-01
7.419999999999999929e-01 2.359666076453559858e-01
7.439999999999999947e-01 2.345837708787829601e-01
7.459999999999999964e-01 2.332031734335184570e-01
7.479999999999999982e-01 2.318247509697284603e-01
7.500000000000000000e-01 2.304484389419982071e-01
7.520000000000000018e-01 2.290741725772587889e-01
7.540000000000000036e-01 2.277018868499940119e-01
7.560000000000000053e-01 2.263315164557082593e-01
7.580000000000000071e-01 2.249629957859085039e-01
7.600000000000000089e-01 2.235962588957430552e-01
7.620000000000000107e-01 2.222312394966259597e-01
7.640000000000000124e-01 2.208678708936402113e-01
7.660000000000000142e-01 2.195060859893826488e-01
7.680000000000000160e-01 2.181458172415756402e-01
7.700000000000000178e-01 2.167869966263045733e-01
7.720000000000000195e-01 2.154295556192145911e-01
7.740000000000000213e-01 2.140734251559994750e-01
7.760000000000000231e-01 2.127185355988917559e-01
7.780000000000000249e-01 2.113648166942344031e-01
7.800000000000000266e-01 2.100121976167305948e-01
7.820000000000000284e-01 2.086606067426468314e-01
7.840000000000000302e-01 2.073099718222877197e-01
7.860000000000000320e-01 2.059602198287300845e-01
7.880000000000000338e-01 2.046112769435973755e-01
7.900000000000000355e-01 2.032630685094085343e-01
7.920000000000000373e-01 2.019155189925659344e-01
7.940000000000000391e-01 2.005685519364545089e-01
7.960000000000000409e-01 1.992220899128686329e-01
7.980000000000000426e-01 1.978760544775528263e-01
8.000000000000000444e-01 1.965303661119691403e-01
8.020000000000000462e-01 1.951849441894696335e-01
8.040000000000000480e-01 1.938397068976179805e-01
8.060000000000000497e-01 1.924945711944898441e-01
8.080000000000000515e-01 1.911494527480281647e-01
8.100000000000000533e-01 1.898042658733763988e-01
8.120000000000000551e-01 1.884589234689155735e-01
8.140000000000000568e-01 1.871133369495215915e-01
8.160000000000000586e-01 1.857674161737002116e-01
8.180000000000000604e-01 1.844210693743124352e-01
8.200000000000000622e-01 1.830742030773077067e-01
8.220000000000000639e-01 1.817267220240439130e-01
8.240000000000000657e-01 1.803785290848942680e-01
8.260000000000000675e-01 1.790295251715543212e-01
8.280000000000000693e-01 1.776796091430158098e-01
8.300000000000000711e-01 1.763286777110858738e-01
8.320000000000000728e-01 1.749766253299560592e-01
8.339999999999999636e-01 1.736233440959844276e-01
8.359999999999999654e-01 1.722687236295618873e-01
8.379999999999999671e-01 1.709126509555760898e-01
8.399999999999999689e-01 1.695550103772194284e-01
8.419999999999999707e-01 1.681956833422474373e-01
8.439999999999999725e-01 1.668345483011018648e-01
8.459999999999999742e-01 1.654714805584770465e-01
8.479999999999999760e-01 1.641063521167201167e-01
8.499999999999999778e-01 1.627390315052798242e-01
8.519999999999999796e-01 1.613693836065746290e-01
8.539999999999999813e-01 1.599972694666519368e-01
8.559999999999999831e-01 1.586225460941890764e-01
8.579999999999999849e-01 1.572450662583825820e-01
8.599999999999999867e-01 1.558646782512008166e-01
8.619999999999999885e-01 1.544812256530900818e-01
8.639999999999999902e-01 1.530945470806518993e-01
8.659999999999999920e-01 1.517044759092676942e-01
8.679999999999999938e-01 1.503108399873648859e-01
8.699999999999999956e-01 1.489134613224769310e-01
8.719999999999999973e-01 1.475121557522887095e-01
8.739999999999999991e-01 1.461067325880391898e-01
8.760000000000000009e-01 1.446969942336031878e-01
8.780000000000000027e-01 1.432827357772763210e-01
8.800000000000000044e-01 1.418637445523002472e-01
8.820000000000000062e-01 1.404397996674917881e-01
8.840000000000000080e-01 1.390106714953421863e-01
8.860000000000000098e-01 1.375761211260392025e-01
8.880000000000000115e-01 1.361358997756114686e-01
8.900000000000000133e-01 1.346897481461199475e-01
8.920000000000000151e-01 1.332373957336680792e-01
8.940000000000000169e-01 1.317785600772518328e-01
8.960000000000000187e-01 1.303129459451912442e-01
8.980000000000000204e-01 1.288402444473890074e-01
9.000000000000000222e-01 1.273601320712900997e-01
9.020000000000000240e-01 1.258722696299802990e-01
9.040000000000000258e-01 1.243763011089956821e-01
9.060000000000000275e-01 1.228718524102496434e-01
9.080000000000000293e-01 1.213585299691524733e-01
9.100000000000000311e-01 1.198359192354335190e-01
9.120000000000000329e-01 1.183035830073653621e-01
9.140000000000000346e-01 1.167610595824199460e-01
9.160000000000000364e-01 1.152078607139948724e-01
9.180000000000000382e-01 1.136434693597258849e-01
9.200000000000000400e-01 1.120673371668866186e-01
9.220000000000000417e-01 1.104788816737907048e-01
9.240000000000000435e-01 1.088774831869730730e-01
9.260000000000000453e-01 1.072624812829141988e-01
9.280000000000000471e-01 1.056331708793458862e-01
9.300000000000000488e-01 1.039887978083150338e-01
9.320000000000000506e-01 1.023285538147673535e-01
9.340000000000000524e-01 1.006515708829368444e-01
9.360000000000000542e-01 9.895691478012894060e-02
9.380000000000000560e-01 9.724357768053977502e-02
9.400000000000000577e-01 9.551046970319550244e-02
9.420000000000000595e-01 9.375640916700662963e-02
9.440000000000000613e-01 9.198011130379611655e-02
9.460000000000000631e-01 9.018017514463053108e-02
9.480000000000000648e-01 8.835506817844052119e-02
9.500000000000000666e-01 8.650310831850972770e-02
9.520000000000000684e-01 8.462244258732862234e-02
9.540000000000000702e-01 8.271102171655719815e-02
9.560000000000000719e-01 8.076656972276921587e-02
9.580000000000000737e-01 7.878654714710194018e-02
9.599999999999999645e-01 7.676810628649477497e-02
9.619999999999999662e-01 7.470803617256588369e-02
9.639999999999999680e-01 7.260269428574286921e-02
9.659999999999999698e-01 7.044792086476724113e-02
9.679999999999999716e-01 6.823893008419004702e-02
9.699999999999999734e-01 6.597016996814832057e-02
9.719999999999999751e-01 6.363513934587870791e-02
9.739999999999999769e-01 6.122614455877999073e-02
9.759999999999999787e-01 5.873396976477793935e-02
9.779999999999999805e-01 5.614742017582950717e-02
9.799999999999999822e-01 5.345267271183895552e-02
9.819999999999999840e-01 5.063232455578772773e-02
9.839999999999999858e-01 4.766394788151386702e-02
9.859999999999999876e-01 4.451779622120789065e-02
9.879999999999999893e-01 4.115296119742120617e-02
9.899999999999999911e-01 3.751046945010878125e-02
9.919999999999999929e-01 3.349968496480743713e-02
9.939999999999999947e-01 2.896781762086928988e-02
9.959999999999999964e-01 2.361651217081566986e-02
9.979999999999999982e-01 1.667429783057578288e-02
1.000000000000000000e+00 5.298981512716730588e-05
